{
  "num_rounds": 10,
  "cluster_history": [
    {
      "node_0": 0,
      "node_1": 0,
      "node_2": 0,
      "node_3": 1,
      "node_4": 1,
      "node_5": 1
    },
    {
      "node_0": 1,
      "node_1": 0,
      "node_2": 0,
      "node_3": 1,
      "node_4": 0,
      "node_5": 0
    },
    {
      "node_0": 1,
      "node_1": 0,
      "node_2": 1,
      "node_3": 0,
      "node_4": 1,
      "node_5": 1
    },
    {
      "node_0": 1,
      "node_1": 1,
      "node_2": 0,
      "node_3": 0,
      "node_4": 1,
      "node_5": 0
    },
    {
      "node_0": 0,
      "node_1": 1,
      "node_2": 0,
      "node_3": 1,
      "node_4": 1,
      "node_5": 1
    },
    {
      "node_0": 0,
      "node_1": 0,
      "node_2": 1,
      "node_3": 1,
      "node_4": 0,
      "node_5": 0
    },
    {
      "node_0": 1,
      "node_1": 1,
      "node_2": 0,
      "node_3": 0,
      "node_4": 1,
      "node_5": 0
    },
    {
      "node_0": 0,
      "node_1": 1,
      "node_2": 1,
      "node_3": 1,
      "node_4": 0,
      "node_5": 1
    },
    {
      "node_0": 1,
      "node_1": 0,
      "node_2": 0,
      "node_3": 0,
      "node_4": 1,
      "node_5": 0
    },
    {
      "node_0": 0,
      "node_1": 0,
      "node_2": 0,
      "node_3": 0,
      "node_4": 1,
      "node_5": 1
    }
  ],
  "reward_history": [
    -25.519999999999992,
    -24.153333333333325,
    -23.44499999999999,
    -24.141666666666662,
    -22.414999999999996,
    -32.03249999999998,
    -24.754999999999985,
    -25.429999999999996,
    -24.013333333333335,
    -21.33499999999999
  ],
  "queue_history": [
    4.48270453899108,
    4.697665549044707,
    4.624616096945882,
    4.6651580363448835,
    4.633602701819432,
    5.937049754244613,
    4.6515740289847285,
    5.035518059966063,
    4.788626201074025,
    4.250425800297929
  ],
  "wait_history": [
    1.2318474763918073,
    1.2948098783864788,
    1.252597491192612,
    1.2443928017960455,
    1.1749975417971372,
    1.5897224521852016,
    1.2866462912290426,
    1.3565317475042866,
    1.305860774164321,
    1.1512528318346527
  ],
  "throughput_history": [
    2.037462442753474,
    2.045023986141422,
    2.049503798859081,
    2.0467482579423733,
    2.0424103211131985,
    2.0405810756584204,
    2.0525047646418826,
    2.047877695921786,
    2.0452420328296577,
    2.0404512654154083
  ],
  "transitions": [
    {
      "round": 1,
      "transitions": {}
    },
    {
      "round": 2,
      "transitions": {
        "node_0": {
          "from": 0,
          "to": 1
        },
        "node_4": {
          "from": 1,
          "to": 0
        },
        "node_5": {
          "from": 1,
          "to": 0
        }
      }
    },
    {
      "round": 3,
      "transitions": {
        "node_2": {
          "from": 0,
          "to": 1
        },
        "node_3": {
          "from": 1,
          "to": 0
        },
        "node_4": {
          "from": 0,
          "to": 1
        },
        "node_5": {
          "from": 0,
          "to": 1
        }
      }
    },
    {
      "round": 4,
      "transitions": {
        "node_1": {
          "from": 0,
          "to": 1
        },
        "node_2": {
          "from": 1,
          "to": 0
        },
        "node_5": {
          "from": 1,
          "to": 0
        }
      }
    },
    {
      "round": 5,
      "transitions": {
        "node_0": {
          "from": 1,
          "to": 0
        },
        "node_3": {
          "from": 0,
          "to": 1
        },
        "node_5": {
          "from": 0,
          "to": 1
        }
      }
    },
    {
      "round": 6,
      "transitions": {
        "node_1": {
          "from": 1,
          "to": 0
        },
        "node_2": {
          "from": 0,
          "to": 1
        },
        "node_4": {
          "from": 1,
          "to": 0
        },
        "node_5": {
          "from": 1,
          "to": 0
        }
      }
    },
    {
      "round": 7,
      "transitions": {
        "node_0": {
          "from": 0,
          "to": 1
        },
        "node_1": {
          "from": 0,
          "to": 1
        },
        "node_2": {
          "from": 1,
          "to": 0
        },
        "node_3": {
          "from": 1,
          "to": 0
        },
        "node_4": {
          "from": 0,
          "to": 1
        }
      }
    },
    {
      "round": 8,
      "transitions": {
        "node_0": {
          "from": 1,
          "to": 0
        },
        "node_2": {
          "from": 0,
          "to": 1
        },
        "node_3": {
          "from": 0,
          "to": 1
        },
        "node_4": {
          "from": 1,
          "to": 0
        },
        "node_5": {
          "from": 0,
          "to": 1
        }
      }
    },
    {
      "round": 9,
      "transitions": {
        "node_0": {
          "from": 0,
          "to": 1
        },
        "node_1": {
          "from": 1,
          "to": 0
        },
        "node_2": {
          "from": 1,
          "to": 0
        },
        "node_3": {
          "from": 1,
          "to": 0
        },
        "node_4": {
          "from": 0,
          "to": 1
        },
        "node_5": {
          "from": 1,
          "to": 0
        }
      }
    },
    {
      "round": 10,
      "transitions": {
        "node_0": {
          "from": 1,
          "to": 0
        },
        "node_5": {
          "from": 0,
          "to": 1
        }
      }
    }
  ],
  "fingerprints": [
    {
      "node_0": [
        1.3136427566807314,
        5.5266272189349115,
        2.011251758087201,
        19.0,
        0.0,
        1.0
      ],
      "node_1": [
        1.4156378600823045,
        4.9855072463768115,
        2.0123456790123457,
        30.0,
        0.0,
        0.5
      ],
      "node_2": [
        1.1546610169491525,
        4.541666666666667,
        2.0296610169491527,
        22.0,
        0.0,
        0.0
      ],
      "node_3": [
        1.443213296398892,
        3.9770992366412212,
        2.0498614958448753,
        17.0,
        0.0,
        0.0
      ],
      "node_4": [
        0.9304347826086956,
        3.658119658119658,
        2.0391304347826087,
        14.0,
        0.0,
        0.0
      ],
      "node_5": [
        1.133495145631068,
        4.207207207207207,
        2.0825242718446604,
        22.0,
        0.0,
        0.0
      ]
    },
    {
      "node_0": [
        0.8785425101214575,
        3.807017543859649,
        2.032388663967611,
        15.0,
        0.0,
        1.0
      ],
      "node_1": [
        1.5142857142857142,
        4.858333333333333,
        2.051948051948052,
        19.0,
        0.0,
        0.5
      ],
      "node_2": [
        1.6053811659192825,
        5.774193548387097,
        2.0448430493273544,
        25.0,
        0.0,
        0.0
      ],
      "node_3": [
        1.2246153846153847,
        3.685185185185185,
        2.0307692307692307,
        19.0,
        0.0,
        0.0
      ],
      "node_4": [
        1.1508379888268156,
        4.866141732283465,
        2.0446927374301676,
        28.0,
        0.0,
        0.0
      ],
      "node_5": [
        1.3951965065502183,
        5.195121951219512,
        2.0655021834061134,
        31.0,
        0.0,
        0.0
      ]
    },
    {
      "node_0": [
        1.1823770491803278,
        4.808333333333334,
        2.0450819672131146,
        27.0,
        0.0,
        1.0
      ],
      "node_1": [
        0.8475,
        2.6692913385826773,
        2.06,
        14.0,
        0.0,
        0.5
      ],
      "node_2": [
        1.591016548463357,
        5.801724137931035,
        2.0425531914893615,
        19.0,
        0.0,
        0.0
      ],
      "node_3": [
        0.7376093294460642,
        2.0403225806451615,
        2.0699708454810497,
        19.0,
        0.0,
        0.0
      ],
      "node_4": [
        1.1862955032119915,
        4.735042735042735,
        2.0299785867237685,
        22.0,
        0.0,
        0.0
      ],
      "node_5": [
        1.9707865168539327,
        7.692982456140351,
        2.049438202247191,
        49.0,
        0.0,
        0.0
      ]
    },
    {
      "node_0": [
        0.9936440677966102,
        4.302752293577981,
        2.0338983050847457,
        24.0,
        0.0,
        1.0
      ],
      "node_1": [
        0.9685863874345549,
        3.425925925925926,
        2.0157068062827226,
        22.0,
        0.0,
        0.5
      ],
      "node_2": [
        1.2431192660550459,
        4.593220338983051,
        2.0458715596330275,
        23.0,
        0.0,
        0.0
      ],
      "node_3": [
        1.2402402402402402,
        3.560344827586207,
        2.084084084084084,
        14.0,
        0.0,
        0.0
      ],
      "node_4": [
        2.1157894736842104,
        8.802919708029197,
        2.042105263157895,
        46.0,
        0.0,
        0.0
      ],
      "node_5": [
        0.9049773755656109,
        3.3057851239669422,
        2.0588235294117645,
        18.0,
        0.0,
        0.0
      ]
    },
    {
      "node_0": [
        1.5769944341372912,
        7.522123893805309,
        2.014842300556586,
        45.0,
        0.0,
        1.0
      ],
      "node_1": [
        0.7936507936507936,
        2.6548672566371683,
        2.068783068783069,
        14.0,
        0.0,
        0.5
      ],
      "node_2": [
        1.4344086021505376,
        5.558333333333334,
        2.043010752688172,
        27.0,
        0.0,
        0.0
      ],
      "node_3": [
        1.0892857142857142,
        3.452830188679245,
        2.0535714285714284,
        18.0,
        0.0,
        0.0
      ],
      "node_4": [
        1.0223123732251522,
        4.2,
        2.0446247464503045,
        20.0,
        0.0,
        0.0
      ],
      "node_5": [
        1.1333333333333333,
        4.413461538461538,
        2.0296296296296297,
        25.0,
        0.0,
        0.0
      ]
    },
    {
      "node_0": [
        1.4706814580031695,
        6.581560283687943,
        2.022187004754358,
        45.0,
        0.0,
        1.0
      ],
      "node_1": [
        2.128668171557562,
        6.985185185185185,
        2.040632054176072,
        38.0,
        0.0,
        0.5
      ],
      "node_2": [
        1.2881679389312977,
        5.075187969924812,
        2.053435114503817,
        35.0,
        0.0,
        0.0
      ],
      "node_3": [
        1.1671732522796352,
        3.6226415094339623,
        2.0425531914893615,
        14.0,
        0.0,
        0.0
      ],
      "node_4": [
        1.7619047619047619,
        6.91869918699187,
        2.0455486542443064,
        43.0,
        0.0,
        0.0
      ],
      "node_5": [
        1.7217391304347827,
        6.439024390243903,
        2.0391304347826087,
        34.0,
        0.0,
        0.0
      ]
    },
    {
      "node_0": [
        1.4412371134020618,
        6.078260869565217,
        2.020618556701031,
        21.0,
        0.0,
        1.0
      ],
      "node_1": [
        1.6926829268292682,
        5.688524590163935,
        2.073170731707317,
        25.0,
        0.0,
        0.5
      ],
      "node_2": [
        1.0382882882882882,
        3.717741935483871,
        2.054054054054054,
        16.0,
        0.0,
        0.0
      ],
      "node_3": [
        0.9067796610169492,
        2.52755905511811,
        2.056497175141243,
        15.0,
        0.0,
        0.0
      ],
      "node_4": [
        1.6143410852713178,
        6.125,
        2.062015503875969,
        30.0,
        0.0,
        0.0
      ],
      "node_5": [
        1.0265486725663717,
        3.772357723577236,
        2.0486725663716814,
        14.0,
        0.0,
        0.0
      ]
    },
    {
      "node_0": [
        2.0394190871369293,
        8.62280701754386,
        2.020746887966805,
        31.0,
        0.0,
        1.0
      ],
      "node_1": [
        1.0989583333333333,
        3.6695652173913045,
        2.0625,
        14.0,
        0.0,
        0.5
      ],
      "node_2": [
        1.096969696969697,
        4.601694915254237,
        2.04040404040404,
        16.0,
        0.0,
        0.0
      ],
      "node_3": [
        1.2436974789915967,
        3.669421487603306,
        2.0560224089635852,
        16.0,
        0.0,
        0.0
      ],
      "node_4": [
        1.7370689655172413,
        6.5528455284552845,
        2.0258620689655173,
        35.0,
        0.0,
        0.0
      ],
      "node_5": [
        0.9230769230769231,
        3.096774193548387,
        2.081730769230769,
        15.0,
        0.0,
        0.0
      ]
    },
    {
      "node_0": [
        1.2877846790890268,
        5.456140350877193,
        2.008281573498965,
        19.0,
        0.0,
        1.0
      ],
      "node_1": [
        1.2112299465240641,
        3.775,
        2.085561497326203,
        25.0,
        0.0,
        0.5
      ],
      "node_2": [
        1.5370786516853931,
        6.053097345132743,
        2.0314606741573034,
        35.0,
        0.0,
        0.0
      ],
      "node_3": [
        1.1482479784366577,
        3.1323529411764706,
        2.0862533692722374,
        18.0,
        0.0,
        0.0
      ],
      "node_4": [
        1.2369477911646587,
        5.220338983050848,
        2.0120481927710845,
        19.0,
        0.0,
        0.0
      ],
      "node_5": [
        1.4138755980861244,
        5.094827586206897,
        2.047846889952153,
        28.0,
        0.0,
        0.0
      ]
    },
    {
      "node_0": [
        0.911340206185567,
        3.810344827586207,
        2.0329896907216494,
        15.0,
        0.0,
        1.0
      ],
      "node_1": [
        1.1790393013100438,
        4.090909090909091,
        2.056768558951965,
        18.0,
        0.0,
        0.5
      ],
      "node_2": [
        1.234762979683973,
        4.207692307692308,
        2.049661399548533,
        20.0,
        0.0,
        0.0
      ],
      "node_3": [
        1.163141993957704,
        3.347826086956522,
        2.0302114803625377,
        14.0,
        0.0,
        0.0
      ],
      "node_4": [
        1.3904555314533622,
        5.8807339449541285,
        2.03470715835141,
        30.0,
        0.0,
        0.0
      ],
      "node_5": [
        1.0287769784172662,
        4.165048543689321,
        2.038369304556355,
        23.0,
        0.0,
        0.0
      ]
    }
  ],
  "similarity_matrices": [
    [
      [
        1.0,
        0.9917068146171185,
        0.9954586627898944,
        0.9971050088368683,
        0.9976262501706779,
        0.9942227604478734
      ],
      [
        0.9917068146171185,
        1.0,
        0.9988165564991126,
        0.9958596649200874,
        0.9929297857326047,
        0.9992121937900972
      ],
      [
        0.9954586627898944,
        0.9988165564991126,
        1.0,
        0.9988313748637077,
        0.9973538275007754,
        0.9998905348787621
      ],
      [
        0.9971050088368683,
        0.9958596649200874,
        0.9988313748637077,
        1.0000000000000002,
        0.9992414161891795,
        0.9983895502523843
      ],
      [
        0.9976262501706779,
        0.9929297857326047,
        0.9973538275007754,
        0.9992414161891795,
        1.0000000000000002,
        0.9966177689999121
      ],
      [
        0.9942227604478734,
        0.9992121937900972,
        0.9998905348787621,
        0.9983895502523843,
        0.9966177689999121,
        1.0
      ]
    ],
    [
      [
        0.9999999999999999,
        0.9987012731876083,
        0.9964177671331211,
        0.9960104042536373,
        0.9932386581737938,
        0.9924388488023611
      ],
      [
        0.9987012731876083,
        1.0,
        0.9990046317723464,
        0.9978871461520389,
        0.99547480129279,
        0.9949044131296052
      ],
      [
        0.9964177671331211,
        0.9990046317723464,
        1.0,
        0.999069149872024,
        0.9982354351051153,
        0.9978997006274273
      ],
      [
        0.9960104042536373,
        0.9978871461520389,
        0.999069149872024,
        0.9999999999999999,
        0.9990253675936407,
        0.9987494346768998
      ],
      [
        0.9932386581737938,
        0.99547480129279,
        0.9982354351051153,
        0.9990253675936407,
        0.9999999999999999,
        0.9999551387705353
      ],
      [
        0.9924388488023611,
        0.9949044131296052,
        0.9978997006274273,
        0.9987494346768998,
        0.9999551387705353,
        0.9999999999999999
      ]
    ],
    [
      [
        0.9999999999999999,
        0.9974229687036419,
        0.9911686574564001,
        0.9963996835411888,
        0.9985425954650167,
        0.9985785996167769
      ],
      [
        0.9974229687036419,
        1.0000000000000002,
        0.9926456074800415,
        0.9953078884463719,
        0.9976766079868432,
        0.9934845928655793
      ],
      [
        0.9911686574564001,
        0.9926456074800415,
        1.0,
        0.9815250193195844,
        0.996048815598634,
        0.9875712218145632
      ],
      [
        0.9963996835411888,
        0.9953078884463719,
        0.9815250193195844,
        0.9999999999999999,
        0.994296247604324,
        0.9966066180306764
      ],
      [
        0.9985425954650167,
        0.9976766079868432,
        0.996048815598634,
        0.994296247604324,
        1.0,
        0.9971655423578508
      ],
      [
        0.9985785996167769,
        0.9934845928655793,
        0.9875712218145632,
        0.9966066180306764,
        0.9971655423578508,
        1.0
      ]
    ],
    [
      [
        0.9999999999999999,
        0.9995410332602483,
        0.9988937969422633,
        0.9938821839545351,
        0.998305447137715,
        0.998708558077857
      ],
      [
        0.9995410332602483,
        0.9999999999999999,
        0.9988013902540637,
        0.9931118951275245,
        0.9980663178177808,
        0.9991340784127155
      ],
      [
        0.9988937969422633,
        0.9988013902540637,
        0.9999999999999999,
        0.9965902913356717,
        0.9989979056056838,
        0.9995628745208489
      ],
      [
        0.9938821839545351,
        0.9931118951275245,
        0.9965902913356717,
        0.9999999999999998,
        0.99250126913083,
        0.9966552241012538
      ],
      [
        0.998305447137715,
        0.9980663178177808,
        0.9989979056056838,
        0.99250126913083,
        1.0,
        0.9976278010053216
      ],
      [
        0.998708558077857,
        0.9991340784127155,
        0.9995628745208489,
        0.9966552241012538,
        0.9976278010053216,
        0.9999999999999999
      ]
    ],
    [
      [
        0.9999999999999999,
        0.9944883160394422,
        0.9984709595297773,
        0.9969106949599292,
        0.9972550914213231,
        0.999035742138733
      ],
      [
        0.9944883160394422,
        1.0,
        0.9968199702050569,
        0.9988603805473307,
        0.9982122736240775,
        0.9971981764220627
      ],
      [
        0.9984709595297773,
        0.9968199702050569,
        1.0,
        0.9991796665802801,
        0.9996596058259488,
        0.9995591799475806
      ],
      [
        0.9969106949599292,
        0.9988603805473307,
        0.9991796665802801,
        0.9999999999999999,
        0.9997365357773315,
        0.9992823970881373
      ],
      [
        0.9972550914213231,
        0.9982122736240775,
        0.9996596058259488,
        0.9997365357773315,
        1.0,
        0.999273094097915
      ],
      [
        0.999035742138733,
        0.9971981764220627,
        0.9995591799475806,
        0.9992823970881373,
        0.999273094097915,
        1.0000000000000002
      ]
    ],
    [
      [
        0.9999999999999998,
        0.9990023835009548,
        0.9996582856884763,
        0.9883201593682283,
        0.9996212727669141,
        0.9986298916381458
      ],
      [
        0.9990023835009548,
        1.0000000000000002,
        0.9990197140916378,
        0.9932894713668344,
        0.9995470798786472,
        0.9998696684622457
      ],
      [
        0.9996582856884763,
        0.9990197140916378,
        1.0,
        0.9898191153059914,
        0.9998106196589635,
        0.9989849101922927
      ],
      [
        0.9883201593682283,
        0.9932894713668344,
        0.9898191153059914,
        0.9999999999999999,
        0.9905667322487929,
        0.9941000080904512
      ],
      [
        0.9996212727669141,
        0.9995470798786472,
        0.9998106196589635,
        0.9905667322487929,
        1.0000000000000002,
        0.9995064035488175
      ],
      [
        0.9986298916381458,
        0.9998696684622457,
        0.9989849101922927,
        0.9941000080904512,
        0.9995064035488175,
        1.0
      ]
    ],
    [
      [
        1.0,
        0.9979355201145605,
        0.9970446438126039,
        0.9915968037390536,
        0.9953850991317416,
        0.9976355467040787
      ],
      [
        0.9979355201145605,
        0.9999999999999999,
        0.998845600433234,
        0.9967679257860076,
        0.9993883787216976,
        0.9972659193532821
      ],
      [
        0.9970446438126039,
        0.998845600433234,
        0.9999999999999999,
        0.9980993836312961,
        0.9979643207280035,
        0.9992506275973035
      ],
      [
        0.9915968037390536,
        0.9967679257860076,
        0.9980993836312961,
        1.0,
        0.9971481685001217,
        0.9953976111612706
      ],
      [
        0.9953850991317416,
        0.9993883787216976,
        0.9979643207280035,
        0.9971481685001217,
        1.0000000000000002,
        0.9953070427385481
      ],
      [
        0.9976355467040787,
        0.9972659193532821,
        0.9992506275973035,
        0.9953976111612706,
        0.9953070427385481,
        1.0
      ]
    ],
    [
      [
        1.0000000000000002,
        0.9967272953488917,
        0.9977356698754839,
        0.9965113807136019,
        0.9957113381136047,
        0.9946524263990959
      ],
      [
        0.9967272953488917,
        0.9999999999999999,
        0.9989060520379477,
        0.998809934007213,
        0.9930039081481802,
        0.997922205914675
      ],
      [
        0.9977356698754839,
        0.9989060520379477,
        1.0,
        0.9984883647571856,
        0.9932987636005404,
        0.9970359764261643
      ],
      [
        0.9965113807136019,
        0.998809934007213,
        0.9984883647571856,
        1.0000000000000002,
        0.9965625952931975,
        0.9995932722436527
      ],
      [
        0.9957113381136047,
        0.9930039081481802,
        0.9932987636005404,
        0.9965625952931975,
        0.9999999999999999,
        0.9967193538143222
      ],
      [
        0.9946524263990959,
        0.997922205914675,
        0.9970359764261643,
        0.9995932722436527,
        0.9967193538143222,
        0.9999999999999998
      ]
    ],
    [
      [
        0.9999999999999999,
        0.9909135786312727,
        0.9917368637034055,
        0.9930018035341363,
        0.998673203904888,
        0.9932946448430219
      ],
      [
        0.9909135786312727,
        1.0,
        0.9992530036612739,
        0.9989596521523115,
        0.9926066413303652,
        0.9993002386009898
      ],
      [
        0.9917368637034055,
        0.9992530036612739,
        0.9999999999999999,
        0.99822074151727,
        0.9941783572399383,
        0.9998341754115803
      ],
      [
        0.9930018035341363,
        0.9989596521523115,
        0.99822074151727,
        1.0,
        0.9954103974528228,
        0.9990148801741134
      ],
      [
        0.998673203904888,
        0.9926066413303652,
        0.9941783572399383,
        0.9954103974528228,
        1.0000000000000002,
        0.9956305485368369
      ],
      [
        0.9932946448430219,
        0.9993002386009898,
        0.9998341754115803,
        0.9990148801741134,
        0.9956305485368369,
        1.0
      ]
    ],
    [
      [
        1.0000000000000002,
        0.9987975355833828,
        0.9966515897560801,
        0.997589063263672,
        0.9943306648857647,
        0.9945280732903369
      ],
      [
        0.9987975355833828,
        1.0,
        0.9994454080405365,
        0.9990197886987373,
        0.998047725273979,
        0.998191818056977
      ],
      [
        0.9966515897560801,
        0.9994454080405365,
        1.0000000000000002,
        0.9986347027075106,
        0.9992386561532323,
        0.9993911899737442
      ],
      [
        0.997589063263672,
        0.9990197886987373,
        0.9986347027075106,
        1.0,
        0.995872367932044,
        0.9964294712095063
      ],
      [
        0.9943306648857647,
        0.998047725273979,
        0.9992386561532323,
        0.995872367932044,
        1.0,
        0.9996853900256429
      ],
      [
        0.9945280732903369,
        0.998191818056977,
        0.9993911899737442,
        0.9964294712095063,
        0.9996853900256429,
        1.0
      ]
    ]
  ]
}