{
  "num_rounds": 5,
  "cluster_history": [
    {
      "node_0": 0,
      "node_1": 0,
      "node_2": 0,
      "node_3": 1,
      "node_4": 1,
      "node_5": 1
    },
    {
      "node_0": 1,
      "node_1": 1,
      "node_2": 0,
      "node_3": 0,
      "node_4": 0,
      "node_5": 0
    },
    {
      "node_0": 1,
      "node_1": 1,
      "node_2": 0,
      "node_3": 0,
      "node_4": 0,
      "node_5": 0
    },
    {
      "node_0": 1,
      "node_1": 1,
      "node_2": 0,
      "node_3": 0,
      "node_4": 0,
      "node_5": 0
    },
    {
      "node_0": 0,
      "node_1": 0,
      "node_2": 1,
      "node_3": 1,
      "node_4": 1,
      "node_5": 1
    }
  ],
  "reward_history": [
    1472.3953120988683,
    1472.3953120988683,
    1472.3953120988683,
    1472.3953120988683,
    1472.3953120988683
  ],
  "queue_history": [
    0.237,
    0.237,
    0.237,
    0.237,
    0.237
  ],
  "wait_history": [
    0.4397456026577468,
    0.4397456026577468,
    0.4397456026577468,
    0.4397456026577468,
    0.4397456026577468
  ],
  "throughput_history": [
    0.8973706965208091,
    0.8973706965208091,
    0.8973706965208091,
    0.8973706965208091,
    0.8973706965208091
  ],
  "transitions": [
    {
      "round": 1,
      "transitions": {}
    },
    {
      "round": 2,
      "transitions": {
        "node_0": {
          "from": 0,
          "to": 1
        },
        "node_1": {
          "from": 0,
          "to": 1
        },
        "node_3": {
          "from": 1,
          "to": 0
        },
        "node_4": {
          "from": 1,
          "to": 0
        },
        "node_5": {
          "from": 1,
          "to": 0
        }
      }
    },
    {
      "round": 3,
      "transitions": {}
    },
    {
      "round": 4,
      "transitions": {}
    },
    {
      "round": 5,
      "transitions": {
        "node_0": {
          "from": 1,
          "to": 0
        },
        "node_1": {
          "from": 1,
          "to": 0
        },
        "node_2": {
          "from": 0,
          "to": 1
        },
        "node_3": {
          "from": 0,
          "to": 1
        },
        "node_4": {
          "from": 0,
          "to": 1
        },
        "node_5": {
          "from": 0,
          "to": 1
        }
      }
    }
  ],
  "fingerprints": [
    {
      "node_0": [
        0.46303501945525294,
        0.30466666666666664,
        0.8929961089494164,
        3.0,
        0.0,
        1.0
      ],
      "node_1": [
        0.38011695906432746,
        0.2813333333333333,
        0.9025341130604289,
        4.0,
        0.0,
        0.5
      ],
      "node_2": [
        0.4346978557504873,
        0.218,
        0.8947368421052632,
        2.0,
        0.0,
        0.0
      ],
      "node_3": [
        0.4346978557504873,
        0.18933333333333333,
        0.8908382066276803,
        2.0,
        0.0,
        0.0
      ],
      "node_4": [
        0.5263157894736842,
        0.2,
        0.9025341130604289,
        2.0,
        0.0,
        0.0
      ],
      "node_5": [
        0.3996101364522417,
        0.22866666666666666,
        0.9005847953216374,
        2.0,
        0.0,
        0.0
      ]
    },
    {
      "node_0": [
        0.46303501945525294,
        0.30466666666666664,
        0.8929961089494164,
        3.0,
        0.0,
        1.0
      ],
      "node_1": [
        0.38011695906432746,
        0.2813333333333333,
        0.9025341130604289,
        4.0,
        0.0,
        0.5
      ],
      "node_2": [
        0.4346978557504873,
        0.218,
        0.8947368421052632,
        2.0,
        0.0,
        0.0
      ],
      "node_3": [
        0.4346978557504873,
        0.18933333333333333,
        0.8908382066276803,
        2.0,
        0.0,
        0.0
      ],
      "node_4": [
        0.5263157894736842,
        0.2,
        0.9025341130604289,
        2.0,
        0.0,
        0.0
      ],
      "node_5": [
        0.3996101364522417,
        0.22866666666666666,
        0.9005847953216374,
        2.0,
        0.0,
        0.0
      ]
    },
    {
      "node_0": [
        0.46303501945525294,
        0.30466666666666664,
        0.8929961089494164,
        3.0,
        0.0,
        1.0
      ],
      "node_1": [
        0.38011695906432746,
        0.2813333333333333,
        0.9025341130604289,
        4.0,
        0.0,
        0.5
      ],
      "node_2": [
        0.4346978557504873,
        0.218,
        0.8947368421052632,
        2.0,
        0.0,
        0.0
      ],
      "node_3": [
        0.4346978557504873,
        0.18933333333333333,
        0.8908382066276803,
        2.0,
        0.0,
        0.0
      ],
      "node_4": [
        0.5263157894736842,
        0.2,
        0.9025341130604289,
        2.0,
        0.0,
        0.0
      ],
      "node_5": [
        0.3996101364522417,
        0.22866666666666666,
        0.9005847953216374,
        2.0,
        0.0,
        0.0
      ]
    },
    {
      "node_0": [
        0.46303501945525294,
        0.30466666666666664,
        0.8929961089494164,
        3.0,
        0.0,
        1.0
      ],
      "node_1": [
        0.38011695906432746,
        0.2813333333333333,
        0.9025341130604289,
        4.0,
        0.0,
        0.5
      ],
      "node_2": [
        0.4346978557504873,
        0.218,
        0.8947368421052632,
        2.0,
        0.0,
        0.0
      ],
      "node_3": [
        0.4346978557504873,
        0.18933333333333333,
        0.8908382066276803,
        2.0,
        0.0,
        0.0
      ],
      "node_4": [
        0.5263157894736842,
        0.2,
        0.9025341130604289,
        2.0,
        0.0,
        0.0
      ],
      "node_5": [
        0.3996101364522417,
        0.22866666666666666,
        0.9005847953216374,
        2.0,
        0.0,
        0.0
      ]
    },
    {
      "node_0": [
        0.46303501945525294,
        0.30466666666666664,
        0.8929961089494164,
        3.0,
        0.0,
        1.0
      ],
      "node_1": [
        0.38011695906432746,
        0.2813333333333333,
        0.9025341130604289,
        4.0,
        0.0,
        0.5
      ],
      "node_2": [
        0.4346978557504873,
        0.218,
        0.8947368421052632,
        2.0,
        0.0,
        0.0
      ],
      "node_3": [
        0.4346978557504873,
        0.18933333333333333,
        0.8908382066276803,
        2.0,
        0.0,
        0.0
      ],
      "node_4": [
        0.5263157894736842,
        0.2,
        0.9025341130604289,
        2.0,
        0.0,
        0.0
      ],
      "node_5": [
        0.3996101364522417,
        0.22866666666666666,
        0.9005847953216374,
        2.0,
        0.0,
        0.0
      ]
    }
  ],
  "similarity_matrices": [
    [
      [
        1.0000000000000002,
        0.9792146355718857,
        0.9448782477770173,
        0.9449949322589101,
        0.9419499881309368,
        0.945154072598273
      ],
      [
        0.9792146355718857,
        0.9999999999999999,
        0.9681041802480327,
        0.9686566607505562,
        0.9630522442834871,
        0.9689105521311603
      ],
      [
        0.9448782477770173,
        0.9681041802480327,
        0.9999999999999998,
        0.9999184814394493,
        0.9991798734682471,
        0.9998638807160066
      ],
      [
        0.9449949322589101,
        0.9686566607505562,
        0.9999184814394493,
        1.0,
        0.9992104475040184,
        0.9997139661753242
      ],
      [
        0.9419499881309368,
        0.9630522442834871,
        0.9991798734682471,
        0.9992104475040184,
        1.0000000000000002,
        0.9983947513166718
      ],
      [
        0.945154072598273,
        0.9689105521311603,
        0.9998638807160066,
        0.9997139661753242,
        0.9983947513166718,
        0.9999999999999997
      ]
    ],
    [
      [
        1.0000000000000002,
        0.9792146355718857,
        0.9448782477770173,
        0.9449949322589101,
        0.9419499881309368,
        0.945154072598273
      ],
      [
        0.9792146355718857,
        0.9999999999999999,
        0.9681041802480327,
        0.9686566607505562,
        0.9630522442834871,
        0.9689105521311603
      ],
      [
        0.9448782477770173,
        0.9681041802480327,
        0.9999999999999998,
        0.9999184814394493,
        0.9991798734682471,
        0.9998638807160066
      ],
      [
        0.9449949322589101,
        0.9686566607505562,
        0.9999184814394493,
        1.0,
        0.9992104475040184,
        0.9997139661753242
      ],
      [
        0.9419499881309368,
        0.9630522442834871,
        0.9991798734682471,
        0.9992104475040184,
        1.0000000000000002,
        0.9983947513166718
      ],
      [
        0.945154072598273,
        0.9689105521311603,
        0.9998638807160066,
        0.9997139661753242,
        0.9983947513166718,
        0.9999999999999997
      ]
    ],
    [
      [
        1.0000000000000002,
        0.9792146355718857,
        0.9448782477770173,
        0.9449949322589101,
        0.9419499881309368,
        0.945154072598273
      ],
      [
        0.9792146355718857,
        0.9999999999999999,
        0.9681041802480327,
        0.9686566607505562,
        0.9630522442834871,
        0.9689105521311603
      ],
      [
        0.9448782477770173,
        0.9681041802480327,
        0.9999999999999998,
        0.9999184814394493,
        0.9991798734682471,
        0.9998638807160066
      ],
      [
        0.9449949322589101,
        0.9686566607505562,
        0.9999184814394493,
        1.0,
        0.9992104475040184,
        0.9997139661753242
      ],
      [
        0.9419499881309368,
        0.9630522442834871,
        0.9991798734682471,
        0.9992104475040184,
        1.0000000000000002,
        0.9983947513166718
      ],
      [
        0.945154072598273,
        0.9689105521311603,
        0.9998638807160066,
        0.9997139661753242,
        0.9983947513166718,
        0.9999999999999997
      ]
    ],
    [
      [
        1.0000000000000002,
        0.9792146355718857,
        0.9448782477770173,
        0.9449949322589101,
        0.9419499881309368,
        0.945154072598273
      ],
      [
        0.9792146355718857,
        0.9999999999999999,
        0.9681041802480327,
        0.9686566607505562,
        0.9630522442834871,
        0.9689105521311603
      ],
      [
        0.9448782477770173,
        0.9681041802480327,
        0.9999999999999998,
        0.9999184814394493,
        0.9991798734682471,
        0.9998638807160066
      ],
      [
        0.9449949322589101,
        0.9686566607505562,
        0.9999184814394493,
        1.0,
        0.9992104475040184,
        0.9997139661753242
      ],
      [
        0.9419499881309368,
        0.9630522442834871,
        0.9991798734682471,
        0.9992104475040184,
        1.0000000000000002,
        0.9983947513166718
      ],
      [
        0.945154072598273,
        0.9689105521311603,
        0.9998638807160066,
        0.9997139661753242,
        0.9983947513166718,
        0.9999999999999997
      ]
    ],
    [
      [
        1.0000000000000002,
        0.9792146355718857,
        0.9448782477770173,
        0.9449949322589101,
        0.9419499881309368,
        0.945154072598273
      ],
      [
        0.9792146355718857,
        0.9999999999999999,
        0.9681041802480327,
        0.9686566607505562,
        0.9630522442834871,
        0.9689105521311603
      ],
      [
        0.9448782477770173,
        0.9681041802480327,
        0.9999999999999998,
        0.9999184814394493,
        0.9991798734682471,
        0.9998638807160066
      ],
      [
        0.9449949322589101,
        0.9686566607505562,
        0.9999184814394493,
        1.0,
        0.9992104475040184,
        0.9997139661753242
      ],
      [
        0.9419499881309368,
        0.9630522442834871,
        0.9991798734682471,
        0.9992104475040184,
        1.0000000000000002,
        0.9983947513166718
      ],
      [
        0.945154072598273,
        0.9689105521311603,
        0.9998638807160066,
        0.9997139661753242,
        0.9983947513166718,
        0.9999999999999997
      ]
    ]
  ]
}