{
  "num_rounds": 5,
  "cluster_history": [
    {
      "node_0": 0,
      "node_1": 0,
      "node_2": 0,
      "node_3": 1,
      "node_4": 1,
      "node_5": 1
    },
    {
      "node_0": 1,
      "node_1": 1,
      "node_2": 0,
      "node_3": 0,
      "node_4": 0,
      "node_5": 1
    },
    {
      "node_0": 1,
      "node_1": 1,
      "node_2": 0,
      "node_3": 0,
      "node_4": 0,
      "node_5": 1
    },
    {
      "node_0": 0,
      "node_1": 1,
      "node_2": 1,
      "node_3": 0,
      "node_4": 0,
      "node_5": 0
    },
    {
      "node_0": 0,
      "node_1": 0,
      "node_2": 1,
      "node_3": 1,
      "node_4": 1,
      "node_5": 1
    }
  ],
  "reward_history": [
    177.48917166924096,
    175.24290058676277,
    177.42158577259235,
    177.42158577259235,
    177.42158577259235
  ],
  "queue_history": [
    2.5166666666666666,
    2.595833333333333,
    2.53,
    2.53,
    2.53
  ],
  "wait_history": [
    3.4489775415731363,
    3.5555588469725183,
    3.5145024672582874,
    3.5145024672582874,
    3.5145024672582874
  ],
  "throughput_history": [
    0.0776698029382986,
    0.07862990070690183,
    0.07859932340748892,
    0.07859932340748892,
    0.07859932340748892
  ],
  "transitions": [
    {
      "round": 1,
      "transitions": {}
    },
    {
      "round": 2,
      "transitions": {
        "node_0": {
          "from": 0,
          "to": 1
        },
        "node_1": {
          "from": 0,
          "to": 1
        },
        "node_3": {
          "from": 1,
          "to": 0
        },
        "node_4": {
          "from": 1,
          "to": 0
        }
      }
    },
    {
      "round": 3,
      "transitions": {}
    },
    {
      "round": 4,
      "transitions": {
        "node_0": {
          "from": 1,
          "to": 0
        },
        "node_2": {
          "from": 0,
          "to": 1
        },
        "node_5": {
          "from": 1,
          "to": 0
        }
      }
    },
    {
      "round": 5,
      "transitions": {
        "node_1": {
          "from": 1,
          "to": 0
        },
        "node_3": {
          "from": 0,
          "to": 1
        },
        "node_4": {
          "from": 0,
          "to": 1
        },
        "node_5": {
          "from": 0,
          "to": 1
        }
      }
    }
  ],
  "fingerprints": [
    {
      "node_0": [
        2.592954990215264,
        2.04,
        0.07240704500978473,
        6.0,
        0.0,
        1.0
      ],
      "node_1": [
        3.3131115459882583,
        1.915,
        0.09393346379647749,
        6.0,
        0.0,
        0.5
      ],
      "node_2": [
        3.843137254901961,
        2.71,
        0.0803921568627451,
        7.0,
        0.0,
        0.0
      ],
      "node_3": [
        4.603921568627451,
        3.97,
        0.06470588235294118,
        13.0,
        0.0,
        0.0
      ],
      "node_4": [
        3.611328125,
        2.965,
        0.08203125,
        7.0,
        0.0,
        0.0
      ],
      "node_5": [
        2.7294117647058824,
        1.5,
        0.07254901960784314,
        8.0,
        0.0,
        0.0
      ]
    },
    {
      "node_0": [
        2.91796875,
        2.65,
        0.07421875,
        7.0,
        0.0,
        1.0
      ],
      "node_1": [
        3.136986301369863,
        2.18,
        0.09393346379647749,
        7.0,
        0.0,
        0.5
      ],
      "node_2": [
        3.5147347740667976,
        2.765,
        0.07269155206286837,
        8.0,
        0.0,
        0.0
      ],
      "node_3": [
        4.140625,
        3.675,
        0.068359375,
        10.0,
        0.0,
        0.0
      ],
      "node_4": [
        4.250489236790607,
        2.695,
        0.08610567514677103,
        7.0,
        0.0,
        0.0
      ],
      "node_5": [
        3.372549019607843,
        1.61,
        0.07647058823529412,
        7.0,
        0.0,
        0.0
      ]
    },
    {
      "node_0": [
        2.91796875,
        2.65,
        0.07421875,
        7.0,
        0.0,
        1.0
      ],
      "node_1": [
        2.88671875,
        1.78,
        0.09375,
        10.0,
        0.0,
        0.5
      ],
      "node_2": [
        3.518664047151277,
        2.77,
        0.07269155206286837,
        8.0,
        0.0,
        0.0
      ],
      "node_3": [
        4.140625,
        3.675,
        0.068359375,
        10.0,
        0.0,
        0.0
      ],
      "node_4": [
        4.250489236790607,
        2.695,
        0.08610567514677103,
        7.0,
        0.0,
        0.0
      ],
      "node_5": [
        3.372549019607843,
        1.61,
        0.07647058823529412,
        7.0,
        0.0,
        0.0
      ]
    },
    {
      "node_0": [
        2.91796875,
        2.65,
        0.07421875,
        7.0,
        0.0,
        1.0
      ],
      "node_1": [
        2.88671875,
        1.78,
        0.09375,
        10.0,
        0.0,
        0.5
      ],
      "node_2": [
        3.518664047151277,
        2.77,
        0.07269155206286837,
        8.0,
        0.0,
        0.0
      ],
      "node_3": [
        4.140625,
        3.675,
        0.068359375,
        10.0,
        0.0,
        0.0
      ],
      "node_4": [
        4.250489236790607,
        2.695,
        0.08610567514677103,
        7.0,
        0.0,
        0.0
      ],
      "node_5": [
        3.372549019607843,
        1.61,
        0.07647058823529412,
        7.0,
        0.0,
        0.0
      ]
    },
    {
      "node_0": [
        2.91796875,
        2.65,
        0.07421875,
        7.0,
        0.0,
        1.0
      ],
      "node_1": [
        2.88671875,
        1.78,
        0.09375,
        10.0,
        0.0,
        0.5
      ],
      "node_2": [
        3.518664047151277,
        2.77,
        0.07269155206286837,
        8.0,
        0.0,
        0.0
      ],
      "node_3": [
        4.140625,
        3.675,
        0.068359375,
        10.0,
        0.0,
        0.0
      ],
      "node_4": [
        4.250489236790607,
        2.695,
        0.08610567514677103,
        7.0,
        0.0,
        0.0
      ],
      "node_5": [
        3.372549019607843,
        1.61,
        0.07647058823529412,
        7.0,
        0.0,
        0.0
      ]
    }
  ],
  "similarity_matrices": [
    [
      [
        0.9999999999999999,
        0.9925185320384142,
        0.985240601259511,
        0.9871713625941688,
        0.9858037140646561,
        0.9786372444610669
      ],
      [
        0.9925185320384142,
        0.9999999999999999,
        0.9960394311683171,
        0.9850628778652682,
        0.9933553127266651,
        0.978291946220122
      ],
      [
        0.985240601259511,
        0.9960394311683171,
        1.0,
        0.9870148770057557,
        0.9991653557208393,
        0.9745757936878238
      ],
      [
        0.9871713625941688,
        0.9850628778652682,
        0.9870148770057557,
        1.0,
        0.9885144363174433,
        0.9944573091028039
      ],
      [
        0.9858037140646561,
        0.9933553127266651,
        0.9991653557208393,
        0.9885144363174433,
        1.0,
        0.9730432349512704
      ],
      [
        0.9786372444610669,
        0.978291946220122,
        0.9745757936878238,
        0.9944573091028039,
        0.9730432349512704,
        1.0
      ]
    ],
    [
      [
        1.0,
        0.996072046121954,
        0.9917422653934094,
        0.9922955403908772,
        0.982084636084415,
        0.9823911732903808
      ],
      [
        0.996072046121954,
        1.0,
        0.9975720990258702,
        0.9963794207236244,
        0.9901530679487195,
        0.9950509529469762
      ],
      [
        0.9917422653934094,
        0.9975720990258702,
        1.0,
        0.9995740028748026,
        0.9920841889602855,
        0.9942138345391593
      ],
      [
        0.9922955403908772,
        0.9963794207236244,
        0.9995740028748026,
        0.9999999999999999,
        0.9894226527007904,
        0.9909623853215278
      ],
      [
        0.982084636084415,
        0.9901530679487195,
        0.9920841889602855,
        0.9894226527007904,
        1.0,
        0.9892066082337696
      ],
      [
        0.9823911732903808,
        0.9950509529469762,
        0.9942138345391593,
        0.9909623853215278,
        0.9892066082337696,
        1.0
      ]
    ],
    [
      [
        1.0,
        0.977341819444544,
        0.9917489049476417,
        0.9922955403908772,
        0.982084636084415,
        0.9823911732903808
      ],
      [
        0.977341819444544,
        0.9999999999999999,
        0.9811160603984643,
        0.9806500058840152,
        0.955317054942912,
        0.9847078351620222
      ],
      [
        0.9917489049476417,
        0.9811160603984643,
        1.0,
        0.9995756706250333,
        0.9921394813522053,
        0.9941794670180126
      ],
      [
        0.9922955403908772,
        0.9806500058840152,
        0.9995756706250333,
        0.9999999999999999,
        0.9894226527007904,
        0.9909623853215278
      ],
      [
        0.982084636084415,
        0.955317054942912,
        0.9921394813522053,
        0.9894226527007904,
        1.0,
        0.9892066082337696
      ],
      [
        0.9823911732903808,
        0.9847078351620222,
        0.9941794670180126,
        0.9909623853215278,
        0.9892066082337696,
        1.0
      ]
    ],
    [
      [
        1.0,
        0.977341819444544,
        0.9917489049476417,
        0.9922955403908772,
        0.982084636084415,
        0.9823911732903808
      ],
      [
        0.977341819444544,
        0.9999999999999999,
        0.9811160603984643,
        0.9806500058840152,
        0.955317054942912,
        0.9847078351620222
      ],
      [
        0.9917489049476417,
        0.9811160603984643,
        1.0,
        0.9995756706250333,
        0.9921394813522053,
        0.9941794670180126
      ],
      [
        0.9922955403908772,
        0.9806500058840152,
        0.9995756706250333,
        0.9999999999999999,
        0.9894226527007904,
        0.9909623853215278
      ],
      [
        0.982084636084415,
        0.955317054942912,
        0.9921394813522053,
        0.9894226527007904,
        1.0,
        0.9892066082337696
      ],
      [
        0.9823911732903808,
        0.9847078351620222,
        0.9941794670180126,
        0.9909623853215278,
        0.9892066082337696,
        1.0
      ]
    ],
    [
      [
        1.0,
        0.977341819444544,
        0.9917489049476417,
        0.9922955403908772,
        0.982084636084415,
        0.9823911732903808
      ],
      [
        0.977341819444544,
        0.9999999999999999,
        0.9811160603984643,
        0.9806500058840152,
        0.955317054942912,
        0.9847078351620222
      ],
      [
        0.9917489049476417,
        0.9811160603984643,
        1.0,
        0.9995756706250333,
        0.9921394813522053,
        0.9941794670180126
      ],
      [
        0.9922955403908772,
        0.9806500058840152,
        0.9995756706250333,
        0.9999999999999999,
        0.9894226527007904,
        0.9909623853215278
      ],
      [
        0.982084636084415,
        0.955317054942912,
        0.9921394813522053,
        0.9894226527007904,
        1.0,
        0.9892066082337696
      ],
      [
        0.9823911732903808,
        0.9847078351620222,
        0.9941794670180126,
        0.9909623853215278,
        0.9892066082337696,
        1.0
      ]
    ]
  ]
}