{
  "num_rounds": 5,
  "cluster_history": [
    {
      "node_0": 0,
      "node_1": 0,
      "node_2": 0,
      "node_3": 1,
      "node_4": 1,
      "node_5": 1
    },
    {
      "node_0": 1,
      "node_1": 1,
      "node_2": 0,
      "node_3": 0,
      "node_4": 0,
      "node_5": 0
    },
    {
      "node_0": 1,
      "node_1": 1,
      "node_2": 0,
      "node_3": 0,
      "node_4": 0,
      "node_5": 0
    },
    {
      "node_0": 1,
      "node_1": 1,
      "node_2": 0,
      "node_3": 0,
      "node_4": 0,
      "node_5": 0
    },
    {
      "node_0": 0,
      "node_1": 0,
      "node_2": 1,
      "node_3": 1,
      "node_4": 1,
      "node_5": 1
    }
  ],
  "reward_history": [
    1458.4464432342077,
    1470.9353513532067,
    1470.9353513532067,
    1470.9353513532067,
    1470.9353513532067
  ],
  "queue_history": [
    1.053222222222222,
    1.0375555555555556,
    1.0375555555555556,
    1.0375555555555556,
    1.0375555555555556
  ],
  "wait_history": [
    0.3744336569579288,
    0.42671351038243105,
    0.42671351038243105,
    0.42671351038243105,
    0.42671351038243105
  ],
  "throughput_history": [
    0.643042071197411,
    0.6419553473612633,
    0.6419553473612633,
    0.6419553473612633,
    0.6419553473612633
  ],
  "transitions": [
    {
      "round": 1,
      "transitions": {}
    },
    {
      "round": 2,
      "transitions": {
        "node_0": {
          "from": 0,
          "to": 1
        },
        "node_1": {
          "from": 0,
          "to": 1
        },
        "node_3": {
          "from": 1,
          "to": 0
        },
        "node_4": {
          "from": 1,
          "to": 0
        },
        "node_5": {
          "from": 1,
          "to": 0
        }
      }
    },
    {
      "round": 3,
      "transitions": {}
    },
    {
      "round": 4,
      "transitions": {}
    },
    {
      "round": 5,
      "transitions": {
        "node_0": {
          "from": 1,
          "to": 0
        },
        "node_1": {
          "from": 1,
          "to": 0
        },
        "node_2": {
          "from": 0,
          "to": 1
        },
        "node_3": {
          "from": 0,
          "to": 1
        },
        "node_4": {
          "from": 0,
          "to": 1
        },
        "node_5": {
          "from": 0,
          "to": 1
        }
      }
    }
  ],
  "fingerprints": [
    {
      "node_0": [
        0.46601941747572817,
        1.0273333333333334,
        0.6427184466019418,
        5.0,
        0.0,
        1.0
      ],
      "node_1": [
        0.47184466019417476,
        1.0726666666666667,
        0.6485436893203883,
        6.0,
        0.0,
        0.5
      ],
      "node_2": [
        0.3339805825242718,
        1.2373333333333334,
        0.6621359223300971,
        8.0,
        0.0,
        0.0
      ],
      "node_3": [
        0.42718446601941745,
        1.01,
        0.6524271844660194,
        5.0,
        0.0,
        0.0
      ],
      "node_4": [
        0.14951456310679612,
        0.972,
        0.6388349514563106,
        5.0,
        0.0,
        0.0
      ],
      "node_5": [
        0.39805825242718446,
        1.0,
        0.6135922330097088,
        5.0,
        0.0,
        0.0
      ]
    },
    {
      "node_0": [
        0.5447470817120622,
        0.9733333333333334,
        0.642023346303502,
        7.0,
        0.0,
        1.0
      ],
      "node_1": [
        0.487378640776699,
        1.1253333333333333,
        0.6466019417475728,
        7.0,
        0.0,
        0.5
      ],
      "node_2": [
        0.47572815533980584,
        1.1286666666666667,
        0.6563106796116505,
        5.0,
        0.0,
        0.0
      ],
      "node_3": [
        0.4563106796116505,
        0.926,
        0.654368932038835,
        5.0,
        0.0,
        0.0
      ],
      "node_4": [
        0.3262135922330097,
        1.0346666666666666,
        0.6388349514563106,
        5.0,
        0.0,
        0.0
      ],
      "node_5": [
        0.26990291262135924,
        1.0373333333333334,
        0.6135922330097088,
        5.0,
        0.0,
        0.0
      ]
    },
    {
      "node_0": [
        0.5447470817120622,
        0.9733333333333334,
        0.642023346303502,
        7.0,
        0.0,
        1.0
      ],
      "node_1": [
        0.487378640776699,
        1.1253333333333333,
        0.6466019417475728,
        7.0,
        0.0,
        0.5
      ],
      "node_2": [
        0.47572815533980584,
        1.1286666666666667,
        0.6563106796116505,
        5.0,
        0.0,
        0.0
      ],
      "node_3": [
        0.4563106796116505,
        0.926,
        0.654368932038835,
        5.0,
        0.0,
        0.0
      ],
      "node_4": [
        0.3262135922330097,
        1.0346666666666666,
        0.6388349514563106,
        5.0,
        0.0,
        0.0
      ],
      "node_5": [
        0.26990291262135924,
        1.0373333333333334,
        0.6135922330097088,
        5.0,
        0.0,
        0.0
      ]
    },
    {
      "node_0": [
        0.5447470817120622,
        0.9733333333333334,
        0.642023346303502,
        7.0,
        0.0,
        1.0
      ],
      "node_1": [
        0.487378640776699,
        1.1253333333333333,
        0.6466019417475728,
        7.0,
        0.0,
        0.5
      ],
      "node_2": [
        0.47572815533980584,
        1.1286666666666667,
        0.6563106796116505,
        5.0,
        0.0,
        0.0
      ],
      "node_3": [
        0.4563106796116505,
        0.926,
        0.654368932038835,
        5.0,
        0.0,
        0.0
      ],
      "node_4": [
        0.3262135922330097,
        1.0346666666666666,
        0.6388349514563106,
        5.0,
        0.0,
        0.0
      ],
      "node_5": [
        0.26990291262135924,
        1.0373333333333334,
        0.6135922330097088,
        5.0,
        0.0,
        0.0
      ]
    },
    {
      "node_0": [
        0.5447470817120622,
        0.9733333333333334,
        0.642023346303502,
        7.0,
        0.0,
        1.0
      ],
      "node_1": [
        0.487378640776699,
        1.1253333333333333,
        0.6466019417475728,
        7.0,
        0.0,
        0.5
      ],
      "node_2": [
        0.47572815533980584,
        1.1286666666666667,
        0.6563106796116505,
        5.0,
        0.0,
        0.0
      ],
      "node_3": [
        0.4563106796116505,
        0.926,
        0.654368932038835,
        5.0,
        0.0,
        0.0
      ],
      "node_4": [
        0.3262135922330097,
        1.0346666666666666,
        0.6388349514563106,
        5.0,
        0.0,
        0.0
      ],
      "node_5": [
        0.26990291262135924,
        1.0373333333333334,
        0.6135922330097088,
        5.0,
        0.0,
        0.0
      ]
    }
  ],
  "similarity_matrices": [
    [
      [
        1.0,
        0.9933624893952285,
        0.9784851598685271,
        0.9817395541804992,
        0.9798803436575069,
        0.9816633284312143
      ],
      [
        0.9933624893952285,
        1.0000000000000002,
        0.9955066161970285,
        0.9962227126223158,
        0.9952881994812777,
        0.9964097744073505
      ],
      [
        0.9784851598685271,
        0.9955066161970285,
        1.0,
        0.9970569716681249,
        0.9982644331417194,
        0.9976664868483841
      ],
      [
        0.9817395541804992,
        0.9962227126223158,
        0.9970569716681249,
        1.0,
        0.9985260142978168,
        0.9999553333766907
      ],
      [
        0.9798803436575069,
        0.9952881994812777,
        0.9982644331417194,
        0.9985260142978168,
        1.0000000000000002,
        0.9988101642248387
      ],
      [
        0.9816633284312143,
        0.9964097744073505,
        0.9976664868483841,
        0.9999553333766907,
        0.9988101642248387,
        1.0
      ]
    ],
    [
      [
        1.0,
        0.9973229302551738,
        0.9860827863238785,
        0.9885310923847378,
        0.9875073002965696,
        0.9874207642171295
      ],
      [
        0.9973229302551738,
        1.0000000000000002,
        0.9947052601623338,
        0.9963910882529969,
        0.9960052273912159,
        0.9960181418711352
      ],
      [
        0.9860827863238785,
        0.9947052601623338,
        0.9999999999999998,
        0.9992574959269561,
        0.999432341084183,
        0.9990460668979674
      ],
      [
        0.9885310923847378,
        0.9963910882529969,
        0.9992574959269561,
        0.9999999999999999,
        0.9994555892828245,
        0.9990796492269184
      ],
      [
        0.9875073002965696,
        0.9960052273912159,
        0.999432341084183,
        0.9994555892828245,
        1.0,
        0.999928795657755
      ],
      [
        0.9874207642171295,
        0.9960181418711352,
        0.9990460668979674,
        0.9990796492269184,
        0.999928795657755,
        1.0
      ]
    ],
    [
      [
        1.0,
        0.9973229302551738,
        0.9860827863238785,
        0.9885310923847378,
        0.9875073002965696,
        0.9874207642171295
      ],
      [
        0.9973229302551738,
        1.0000000000000002,
        0.9947052601623338,
        0.9963910882529969,
        0.9960052273912159,
        0.9960181418711352
      ],
      [
        0.9860827863238785,
        0.9947052601623338,
        0.9999999999999998,
        0.9992574959269561,
        0.999432341084183,
        0.9990460668979674
      ],
      [
        0.9885310923847378,
        0.9963910882529969,
        0.9992574959269561,
        0.9999999999999999,
        0.9994555892828245,
        0.9990796492269184
      ],
      [
        0.9875073002965696,
        0.9960052273912159,
        0.999432341084183,
        0.9994555892828245,
        1.0,
        0.999928795657755
      ],
      [
        0.9874207642171295,
        0.9960181418711352,
        0.9990460668979674,
        0.9990796492269184,
        0.999928795657755,
        1.0
      ]
    ],
    [
      [
        1.0,
        0.9973229302551738,
        0.9860827863238785,
        0.9885310923847378,
        0.9875073002965696,
        0.9874207642171295
      ],
      [
        0.9973229302551738,
        1.0000000000000002,
        0.9947052601623338,
        0.9963910882529969,
        0.9960052273912159,
        0.9960181418711352
      ],
      [
        0.9860827863238785,
        0.9947052601623338,
        0.9999999999999998,
        0.9992574959269561,
        0.999432341084183,
        0.9990460668979674
      ],
      [
        0.9885310923847378,
        0.9963910882529969,
        0.9992574959269561,
        0.9999999999999999,
        0.9994555892828245,
        0.9990796492269184
      ],
      [
        0.9875073002965696,
        0.9960052273912159,
        0.999432341084183,
        0.9994555892828245,
        1.0,
        0.999928795657755
      ],
      [
        0.9874207642171295,
        0.9960181418711352,
        0.9990460668979674,
        0.9990796492269184,
        0.999928795657755,
        1.0
      ]
    ],
    [
      [
        1.0,
        0.9973229302551738,
        0.9860827863238785,
        0.9885310923847378,
        0.9875073002965696,
        0.9874207642171295
      ],
      [
        0.9973229302551738,
        1.0000000000000002,
        0.9947052601623338,
        0.9963910882529969,
        0.9960052273912159,
        0.9960181418711352
      ],
      [
        0.9860827863238785,
        0.9947052601623338,
        0.9999999999999998,
        0.9992574959269561,
        0.999432341084183,
        0.9990460668979674
      ],
      [
        0.9885310923847378,
        0.9963910882529969,
        0.9992574959269561,
        0.9999999999999999,
        0.9994555892828245,
        0.9990796492269184
      ],
      [
        0.9875073002965696,
        0.9960052273912159,
        0.999432341084183,
        0.9994555892828245,
        1.0,
        0.999928795657755
      ],
      [
        0.9874207642171295,
        0.9960181418711352,
        0.9990460668979674,
        0.9990796492269184,
        0.999928795657755,
        1.0
      ]
    ]
  ]
}