{
  "num_rounds": 5,
  "cluster_history": [
    {
      "node_0": 0,
      "node_1": 0,
      "node_2": 0,
      "node_3": 1,
      "node_4": 1,
      "node_5": 1
    },
    {
      "node_0": 1,
      "node_1": 1,
      "node_2": 0,
      "node_3": 0,
      "node_4": 0,
      "node_5": 0
    },
    {
      "node_0": 1,
      "node_1": 1,
      "node_2": 0,
      "node_3": 0,
      "node_4": 0,
      "node_5": 1
    },
    {
      "node_0": 0,
      "node_1": 1,
      "node_2": 1,
      "node_3": 0,
      "node_4": 0,
      "node_5": 0
    },
    {
      "node_0": 0,
      "node_1": 0,
      "node_2": 1,
      "node_3": 1,
      "node_4": 1,
      "node_5": 1
    }
  ],
  "reward_history": [
    171.07925537856886,
    177.42158577259235,
    177.42158577259235,
    177.42158577259235,
    177.42158577259235
  ],
  "queue_history": [
    2.7108333333333334,
    2.53,
    2.53,
    2.53,
    2.53
  ],
  "wait_history": [
    3.641891459780259,
    3.5145024672582874,
    3.5145024672582874,
    3.5145024672582874,
    3.5145024672582874
  ],
  "throughput_history": [
    0.07606704782369568,
    0.07859932340748892,
    0.07859932340748892,
    0.07859932340748892,
    0.07859932340748892
  ],
  "transitions": [
    {
      "round": 1,
      "transitions": {}
    },
    {
      "round": 2,
      "transitions": {
        "node_0": {
          "from": 0,
          "to": 1
        },
        "node_1": {
          "from": 0,
          "to": 1
        },
        "node_3": {
          "from": 1,
          "to": 0
        },
        "node_4": {
          "from": 1,
          "to": 0
        },
        "node_5": {
          "from": 1,
          "to": 0
        }
      }
    },
    {
      "round": 3,
      "transitions": {
        "node_5": {
          "from": 0,
          "to": 1
        }
      }
    },
    {
      "round": 4,
      "transitions": {
        "node_0": {
          "from": 1,
          "to": 0
        },
        "node_2": {
          "from": 0,
          "to": 1
        },
        "node_5": {
          "from": 1,
          "to": 0
        }
      }
    },
    {
      "round": 5,
      "transitions": {
        "node_1": {
          "from": 1,
          "to": 0
        },
        "node_3": {
          "from": 0,
          "to": 1
        },
        "node_4": {
          "from": 0,
          "to": 1
        },
        "node_5": {
          "from": 0,
          "to": 1
        }
      }
    }
  ],
  "fingerprints": [
    {
      "node_0": [
        3.3117647058823527,
        2.64,
        0.07254901960784314,
        7.0,
        0.0,
        1.0
      ],
      "node_1": [
        3.454901960784314,
        1.94,
        0.08823529411764706,
        6.0,
        0.0,
        0.5
      ],
      "node_2": [
        3.3972602739726026,
        2.84,
        0.07436399217221135,
        7.0,
        0.0,
        0.0
      ],
      "node_3": [
        4.272549019607843,
        4.01,
        0.060784313725490195,
        13.0,
        0.0,
        0.0
      ],
      "node_4": [
        3.927592954990215,
        2.895,
        0.08414872798434442,
        9.0,
        0.0,
        0.0
      ],
      "node_5": [
        3.487279843444227,
        1.94,
        0.07632093933463796,
        9.0,
        0.0,
        0.0
      ]
    },
    {
      "node_0": [
        2.91796875,
        2.65,
        0.07421875,
        7.0,
        0.0,
        1.0
      ],
      "node_1": [
        2.88671875,
        1.78,
        0.09375,
        10.0,
        0.0,
        0.5
      ],
      "node_2": [
        3.518664047151277,
        2.77,
        0.07269155206286837,
        8.0,
        0.0,
        0.0
      ],
      "node_3": [
        4.140625,
        3.675,
        0.068359375,
        10.0,
        0.0,
        0.0
      ],
      "node_4": [
        4.250489236790607,
        2.695,
        0.08610567514677103,
        7.0,
        0.0,
        0.0
      ],
      "node_5": [
        3.372549019607843,
        1.61,
        0.07647058823529412,
        7.0,
        0.0,
        0.0
      ]
    },
    {
      "node_0": [
        2.91796875,
        2.65,
        0.07421875,
        7.0,
        0.0,
        1.0
      ],
      "node_1": [
        2.88671875,
        1.78,
        0.09375,
        10.0,
        0.0,
        0.5
      ],
      "node_2": [
        3.518664047151277,
        2.77,
        0.07269155206286837,
        8.0,
        0.0,
        0.0
      ],
      "node_3": [
        4.140625,
        3.675,
        0.068359375,
        10.0,
        0.0,
        0.0
      ],
      "node_4": [
        4.250489236790607,
        2.695,
        0.08610567514677103,
        7.0,
        0.0,
        0.0
      ],
      "node_5": [
        3.372549019607843,
        1.61,
        0.07647058823529412,
        7.0,
        0.0,
        0.0
      ]
    },
    {
      "node_0": [
        2.91796875,
        2.65,
        0.07421875,
        7.0,
        0.0,
        1.0
      ],
      "node_1": [
        2.88671875,
        1.78,
        0.09375,
        10.0,
        0.0,
        0.5
      ],
      "node_2": [
        3.518664047151277,
        2.77,
        0.07269155206286837,
        8.0,
        0.0,
        0.0
      ],
      "node_3": [
        4.140625,
        3.675,
        0.068359375,
        10.0,
        0.0,
        0.0
      ],
      "node_4": [
        4.250489236790607,
        2.695,
        0.08610567514677103,
        7.0,
        0.0,
        0.0
      ],
      "node_5": [
        3.372549019607843,
        1.61,
        0.07647058823529412,
        7.0,
        0.0,
        0.0
      ]
    },
    {
      "node_0": [
        2.91796875,
        2.65,
        0.07421875,
        7.0,
        0.0,
        1.0
      ],
      "node_1": [
        2.88671875,
        1.78,
        0.09375,
        10.0,
        0.0,
        0.5
      ],
      "node_2": [
        3.518664047151277,
        2.77,
        0.07269155206286837,
        8.0,
        0.0,
        0.0
      ],
      "node_3": [
        4.140625,
        3.675,
        0.068359375,
        10.0,
        0.0,
        0.0
      ],
      "node_4": [
        4.250489236790607,
        2.695,
        0.08610567514677103,
        7.0,
        0.0,
        0.0
      ],
      "node_5": [
        3.372549019607843,
        1.61,
        0.07647058823529412,
        7.0,
        0.0,
        0.0
      ]
    }
  ],
  "similarity_matrices": [
    [
      [
        1.0,
        0.9941898864374601,
        0.9923424173608787,
        0.9847008033898823,
        0.9913269071249583,
        0.9818089305467625
      ],
      [
        0.9941898864374601,
        1.0,
        0.9923988673736234,
        0.9782051183454539,
        0.9918263486004409,
        0.9838193569094522
      ],
      [
        0.9923424173608787,
        0.9923988673736234,
        1.0000000000000002,
        0.9897656303576057,
        0.9972649663028706,
        0.9854198763882082
      ],
      [
        0.9847008033898823,
        0.9782051183454539,
        0.9897656303576057,
        0.9999999999999999,
        0.9959316943848147,
        0.9949593926170544
      ],
      [
        0.9913269071249583,
        0.9918263486004409,
        0.9972649663028706,
        0.9959316943848147,
        1.0,
        0.9952781965603799
      ],
      [
        0.9818089305467625,
        0.9838193569094522,
        0.9854198763882082,
        0.9949593926170544,
        0.9952781965603799,
        0.9999999999999999
      ]
    ],
    [
      [
        1.0,
        0.977341819444544,
        0.9917489049476417,
        0.9922955403908772,
        0.982084636084415,
        0.9823911732903808
      ],
      [
        0.977341819444544,
        0.9999999999999999,
        0.9811160603984643,
        0.9806500058840152,
        0.955317054942912,
        0.9847078351620222
      ],
      [
        0.9917489049476417,
        0.9811160603984643,
        1.0,
        0.9995756706250333,
        0.9921394813522053,
        0.9941794670180126
      ],
      [
        0.9922955403908772,
        0.9806500058840152,
        0.9995756706250333,
        0.9999999999999999,
        0.9894226527007904,
        0.9909623853215278
      ],
      [
        0.982084636084415,
        0.955317054942912,
        0.9921394813522053,
        0.9894226527007904,
        1.0,
        0.9892066082337696
      ],
      [
        0.9823911732903808,
        0.9847078351620222,
        0.9941794670180126,
        0.9909623853215278,
        0.9892066082337696,
        1.0
      ]
    ],
    [
      [
        1.0,
        0.977341819444544,
        0.9917489049476417,
        0.9922955403908772,
        0.982084636084415,
        0.9823911732903808
      ],
      [
        0.977341819444544,
        0.9999999999999999,
        0.9811160603984643,
        0.9806500058840152,
        0.955317054942912,
        0.9847078351620222
      ],
      [
        0.9917489049476417,
        0.9811160603984643,
        1.0,
        0.9995756706250333,
        0.9921394813522053,
        0.9941794670180126
      ],
      [
        0.9922955403908772,
        0.9806500058840152,
        0.9995756706250333,
        0.9999999999999999,
        0.9894226527007904,
        0.9909623853215278
      ],
      [
        0.982084636084415,
        0.955317054942912,
        0.9921394813522053,
        0.9894226527007904,
        1.0,
        0.9892066082337696
      ],
      [
        0.9823911732903808,
        0.9847078351620222,
        0.9941794670180126,
        0.9909623853215278,
        0.9892066082337696,
        1.0
      ]
    ],
    [
      [
        1.0,
        0.977341819444544,
        0.9917489049476417,
        0.9922955403908772,
        0.982084636084415,
        0.9823911732903808
      ],
      [
        0.977341819444544,
        0.9999999999999999,
        0.9811160603984643,
        0.9806500058840152,
        0.955317054942912,
        0.9847078351620222
      ],
      [
        0.9917489049476417,
        0.9811160603984643,
        1.0,
        0.9995756706250333,
        0.9921394813522053,
        0.9941794670180126
      ],
      [
        0.9922955403908772,
        0.9806500058840152,
        0.9995756706250333,
        0.9999999999999999,
        0.9894226527007904,
        0.9909623853215278
      ],
      [
        0.982084636084415,
        0.955317054942912,
        0.9921394813522053,
        0.9894226527007904,
        1.0,
        0.9892066082337696
      ],
      [
        0.9823911732903808,
        0.9847078351620222,
        0.9941794670180126,
        0.9909623853215278,
        0.9892066082337696,
        1.0
      ]
    ],
    [
      [
        1.0,
        0.977341819444544,
        0.9917489049476417,
        0.9922955403908772,
        0.982084636084415,
        0.9823911732903808
      ],
      [
        0.977341819444544,
        0.9999999999999999,
        0.9811160603984643,
        0.9806500058840152,
        0.955317054942912,
        0.9847078351620222
      ],
      [
        0.9917489049476417,
        0.9811160603984643,
        1.0,
        0.9995756706250333,
        0.9921394813522053,
        0.9941794670180126
      ],
      [
        0.9922955403908772,
        0.9806500058840152,
        0.9995756706250333,
        0.9999999999999999,
        0.9894226527007904,
        0.9909623853215278
      ],
      [
        0.982084636084415,
        0.955317054942912,
        0.9921394813522053,
        0.9894226527007904,
        1.0,
        0.9892066082337696
      ],
      [
        0.9823911732903808,
        0.9847078351620222,
        0.9941794670180126,
        0.9909623853215278,
        0.9892066082337696,
        1.0
      ]
    ]
  ]
}