{
  "num_rounds": 3,
  "cluster_history": [
    {
      "node_0": 0,
      "node_1": 0,
      "node_2": 0,
      "node_3": 1,
      "node_4": 1,
      "node_5": 1
    },
    {
      "node_0": 1,
      "node_1": 1,
      "node_2": 1,
      "node_3": 0,
      "node_4": 0,
      "node_5": 1
    },
    {
      "node_0": 1,
      "node_1": 1,
      "node_2": 1,
      "node_3": 0,
      "node_4": 0,
      "node_5": 1
    }
  ],
  "reward_history": [
    271.8207886974365,
    317.8398781910118,
    317.840158184587
  ],
  "queue_history": [
    4.862916666666667,
    3.873333333333333,
    3.873333333333333
  ],
  "wait_history": [
    8.550269487944185,
    8.625837507683032,
    8.625837507683032
  ],
  "throughput_history": [
    0.18609193471451924,
    0.1874015988707547,
    0.1874015988707547
  ],
  "transitions": [
    {
      "round": 1,
      "transitions": {}
    },
    {
      "round": 2,
      "transitions": {
        "node_0": {
          "from": 0,
          "to": 1
        },
        "node_1": {
          "from": 0,
          "to": 1
        },
        "node_2": {
          "from": 0,
          "to": 1
        },
        "node_3": {
          "from": 1,
          "to": 0
        },
        "node_4": {
          "from": 1,
          "to": 0
        }
      }
    },
    {
      "round": 3,
      "transitions": {}
    }
  ],
  "fingerprints": [
    {
      "node_0": [
        7.845180136319377,
        5.1425,
        0.19279454722492698,
        18.0,
        0.0,
        1.0
      ],
      "node_1": [
        8.634765625,
        5.2525,
        0.171875,
        16.0,
        1.0,
        0.5
      ],
      "node_2": [
        8.930933852140077,
        4.7525,
        0.16731517509727625,
        16.0,
        1.0,
        0.0
      ],
      "node_3": [
        9.087890625,
        4.295,
        0.1962890625,
        12.0,
        0.0,
        0.0
      ],
      "node_4": [
        8.942495126705653,
        4.95,
        0.20175438596491227,
        17.0,
        0.0,
        0.0
      ],
      "node_5": [
        7.8603515625,
        4.785,
        0.1865234375,
        13.0,
        1.0,
        0.0
      ]
    },
    {
      "node_0": [
        7.748782862706913,
        3.5275,
        0.1937682570593963,
        10.0,
        0.0,
        1.0
      ],
      "node_1": [
        8.837890625,
        3.2475,
        0.1748046875,
        11.0,
        0.0,
        0.5
      ],
      "node_2": [
        8.824046920821115,
        4.2525,
        0.17595307917888564,
        12.0,
        0.0,
        0.0
      ],
      "node_3": [
        8.90518084066471,
        3.9675,
        0.198435972629521,
        10.0,
        0.0,
        0.0
      ],
      "node_4": [
        9.168615984405458,
        4.635,
        0.19883040935672514,
        12.0,
        0.0,
        0.0
      ],
      "node_5": [
        8.2705078125,
        3.61,
        0.1826171875,
        12.0,
        0.0,
        0.0
      ]
    },
    {
      "node_0": [
        7.748782862706913,
        3.5275,
        0.1937682570593963,
        10.0,
        0.0,
        1.0
      ],
      "node_1": [
        8.837890625,
        3.2475,
        0.1748046875,
        11.0,
        0.0,
        0.5
      ],
      "node_2": [
        8.824046920821115,
        4.2525,
        0.17595307917888564,
        12.0,
        0.0,
        0.0
      ],
      "node_3": [
        8.90518084066471,
        3.9675,
        0.198435972629521,
        10.0,
        0.0,
        0.0
      ],
      "node_4": [
        9.168615984405458,
        4.635,
        0.19883040935672514,
        12.0,
        0.0,
        0.0
      ],
      "node_5": [
        8.2705078125,
        3.61,
        0.1826171875,
        12.0,
        0.0,
        0.0
      ]
    }
  ],
  "similarity_matrices": [
    [
      [
        0.9999999999999998,
        0.9947780790845527,
        0.9929064066420403,
        0.972544736336666,
        0.9962730706236893,
        0.9875294392896203
      ],
      [
        0.9947780790845527,
        0.9999999999999999,
        0.9991823429954744,
        0.9874351508522797,
        0.9977860679205683,
        0.9982218904806092
      ],
      [
        0.9929064066420403,
        0.9991823429954744,
        1.0000000000000002,
        0.9893362840910518,
        0.9983166345152806,
        0.9980775719884233
      ],
      [
        0.972544736336666,
        0.9874351508522797,
        0.9893362840910518,
        1.0,
        0.9871854591645565,
        0.9926874810942422
      ],
      [
        0.9962730706236893,
        0.9977860679205683,
        0.9983166345152806,
        0.9871854591645565,
        1.0,
        0.9950013941713465
      ],
      [
        0.9875294392896203,
        0.9982218904806092,
        0.9980775719884233,
        0.9926874810942422,
        0.9950013941713465,
        1.0
      ]
    ],
    [
      [
        0.9999999999999999,
        0.9979505065278326,
        0.9967968790688859,
        0.994836856229901,
        0.9967574356947603,
        0.9952384520971443
      ],
      [
        0.9979505065278326,
        0.9999999999999999,
        0.997202086869523,
        0.9962913298587186,
        0.9965679715058289,
        0.9967221335865398
      ],
      [
        0.9967968790688859,
        0.997202086869523,
        1.0,
        0.9959199024342948,
        0.9996500876405207,
        0.9989403370011849
      ],
      [
        0.994836856229901,
        0.9962913298587186,
        0.9959199024342948,
        1.0000000000000002,
        0.9973669021661389,
        0.9918182734814412
      ],
      [
        0.9967574356947603,
        0.9965679715058289,
        0.9996500876405207,
        0.9973669021661389,
        1.0,
        0.9973762997580834
      ],
      [
        0.9952384520971443,
        0.9967221335865398,
        0.9989403370011849,
        0.9918182734814412,
        0.9973762997580834,
        1.0
      ]
    ],
    [
      [
        0.9999999999999999,
        0.9979505065278326,
        0.9967968790688859,
        0.994836856229901,
        0.9967574356947603,
        0.9952384520971443
      ],
      [
        0.9979505065278326,
        0.9999999999999999,
        0.997202086869523,
        0.9962913298587186,
        0.9965679715058289,
        0.9967221335865398
      ],
      [
        0.9967968790688859,
        0.997202086869523,
        1.0,
        0.9959199024342948,
        0.9996500876405207,
        0.9989403370011849
      ],
      [
        0.994836856229901,
        0.9962913298587186,
        0.9959199024342948,
        1.0000000000000002,
        0.9973669021661389,
        0.9918182734814412
      ],
      [
        0.9967574356947603,
        0.9965679715058289,
        0.9996500876405207,
        0.9973669021661389,
        1.0,
        0.9973762997580834
      ],
      [
        0.9952384520971443,
        0.9967221335865398,
        0.9989403370011849,
        0.9918182734814412,
        0.9973762997580834,
        1.0
      ]
    ]
  ]
}