{
  "num_rounds": 3,
  "cluster_history": [
    {
      "node_0": 0,
      "node_1": 0,
      "node_2": 0,
      "node_3": 1,
      "node_4": 1,
      "node_5": 1
    },
    {
      "node_0": 0,
      "node_1": 1,
      "node_2": 0,
      "node_3": 0,
      "node_4": 0,
      "node_5": 1
    },
    {
      "node_0": 1,
      "node_1": 0,
      "node_2": 0,
      "node_3": 0,
      "node_4": 1,
      "node_5": 0
    }
  ],
  "reward_history": [
    160.00000000000117,
    160.00000000000117,
    160.00000000000117
  ],
  "queue_history": [
    0.0,
    0.0,
    0.0
  ],
  "wait_history": [
    3.1746683863238943,
    3.1746683863238943,
    3.1746683863238943
  ],
  "throughput_history": [
    0.38367678172912495,
    0.38367678172912495,
    0.38367678172912495
  ],
  "transitions": [
    {
      "round": 1,
      "transitions": {}
    },
    {
      "round": 2,
      "transitions": {
        "node_1": {
          "from": 0,
          "to": 1
        },
        "node_3": {
          "from": 1,
          "to": 0
        },
        "node_4": {
          "from": 1,
          "to": 0
        }
      }
    },
    {
      "round": 3,
      "transitions": {
        "node_0": {
          "from": 0,
          "to": 1
        },
        "node_1": {
          "from": 1,
          "to": 0
        },
        "node_4": {
          "from": 0,
          "to": 1
        },
        "node_5": {
          "from": 1,
          "to": 0
        }
      }
    }
  ],
  "fingerprints": [
    {
      "node_0": [
        4.233870967741935,
        0.0,
        0.3817204301075269,
        0.0,
        0.0,
        1.0
      ],
      "node_1": [
        2.346774193548387,
        0.0,
        0.3951612903225806,
        0.0,
        0.0,
        0.5
      ],
      "node_2": [
        2.639784946236559,
        0.0,
        0.3655913978494624,
        0.0,
        0.0,
        0.0
      ],
      "node_3": [
        2.8118279569892475,
        0.0,
        0.3790322580645161,
        0.0,
        0.0,
        0.0
      ],
      "node_4": [
        3.8598382749326148,
        0.0,
        0.3665768194070081,
        0.0,
        0.0,
        0.0
      ],
      "node_5": [
        3.1559139784946235,
        0.0,
        0.41397849462365593,
        0.0,
        0.0,
        0.0
      ]
    },
    {
      "node_0": [
        4.233870967741935,
        0.0,
        0.3817204301075269,
        0.0,
        0.0,
        1.0
      ],
      "node_1": [
        2.346774193548387,
        0.0,
        0.3951612903225806,
        0.0,
        0.0,
        0.5
      ],
      "node_2": [
        2.639784946236559,
        0.0,
        0.3655913978494624,
        0.0,
        0.0,
        0.0
      ],
      "node_3": [
        2.8118279569892475,
        0.0,
        0.3790322580645161,
        0.0,
        0.0,
        0.0
      ],
      "node_4": [
        3.8598382749326148,
        0.0,
        0.3665768194070081,
        0.0,
        0.0,
        0.0
      ],
      "node_5": [
        3.1559139784946235,
        0.0,
        0.41397849462365593,
        0.0,
        0.0,
        0.0
      ]
    },
    {
      "node_0": [
        4.233870967741935,
        0.0,
        0.3817204301075269,
        0.0,
        0.0,
        1.0
      ],
      "node_1": [
        2.346774193548387,
        0.0,
        0.3951612903225806,
        0.0,
        0.0,
        0.5
      ],
      "node_2": [
        2.639784946236559,
        0.0,
        0.3655913978494624,
        0.0,
        0.0,
        0.0
      ],
      "node_3": [
        2.8118279569892475,
        0.0,
        0.3790322580645161,
        0.0,
        0.0,
        0.0
      ],
      "node_4": [
        3.8598382749326148,
        0.0,
        0.3665768194070081,
        0.0,
        0.0,
        0.0
      ],
      "node_5": [
        3.1559139784946235,
        0.0,
        0.41397849462365593,
        0.0,
        0.0,
        0.0
      ]
    }
  ],
  "similarity_matrices": [
    [
      [
        1.0,
        0.9968976019644135,
        0.9723224125542108,
        0.9724843244443856,
        0.9734186205944402,
        0.9726308844588243
      ],
      [
        0.9968976019644135,
        0.9999999999999999,
        0.9782164186515147,
        0.9781063793266889,
        0.9760888529198029,
        0.9779858018295401
      ],
      [
        0.9723224125542108,
        0.9782164186515147,
        0.9999999999999998,
        0.9999934263272844,
        0.9990786740706865,
        0.9999741756598723
      ],
      [
        0.9724843244443856,
        0.9781063793266889,
        0.9999934263272844,
        1.0000000000000002,
        0.9992277173181373,
        0.9999936604001544
      ],
      [
        0.9734186205944402,
        0.9760888529198029,
        0.9990786740706865,
        0.9992277173181373,
        0.9999999999999999,
        0.9993612976902652
      ],
      [
        0.9726308844588243,
        0.9779858018295401,
        0.9999741756598723,
        0.9999936604001544,
        0.9993612976902652,
        1.0
      ]
    ],
    [
      [
        1.0,
        0.9968976019644135,
        0.9723224125542108,
        0.9724843244443856,
        0.9734186205944402,
        0.9726308844588243
      ],
      [
        0.9968976019644135,
        0.9999999999999999,
        0.9782164186515147,
        0.9781063793266889,
        0.9760888529198029,
        0.9779858018295401
      ],
      [
        0.9723224125542108,
        0.9782164186515147,
        0.9999999999999998,
        0.9999934263272844,
        0.9990786740706865,
        0.9999741756598723
      ],
      [
        0.9724843244443856,
        0.9781063793266889,
        0.9999934263272844,
        1.0000000000000002,
        0.9992277173181373,
        0.9999936604001544
      ],
      [
        0.9734186205944402,
        0.9760888529198029,
        0.9990786740706865,
        0.9992277173181373,
        0.9999999999999999,
        0.9993612976902652
      ],
      [
        0.9726308844588243,
        0.9779858018295401,
        0.9999741756598723,
        0.9999936604001544,
        0.9993612976902652,
        1.0
      ]
    ],
    [
      [
        1.0,
        0.9968976019644135,
        0.9723224125542108,
        0.9724843244443856,
        0.9734186205944402,
        0.9726308844588243
      ],
      [
        0.9968976019644135,
        0.9999999999999999,
        0.9782164186515147,
        0.9781063793266889,
        0.9760888529198029,
        0.9779858018295401
      ],
      [
        0.9723224125542108,
        0.9782164186515147,
        0.9999999999999998,
        0.9999934263272844,
        0.9990786740706865,
        0.9999741756598723
      ],
      [
        0.9724843244443856,
        0.9781063793266889,
        0.9999934263272844,
        1.0000000000000002,
        0.9992277173181373,
        0.9999936604001544
      ],
      [
        0.9734186205944402,
        0.9760888529198029,
        0.9990786740706865,
        0.9992277173181373,
        0.9999999999999999,
        0.9993612976902652
      ],
      [
        0.9726308844588243,
        0.9779858018295401,
        0.9999741756598723,
        0.9999936604001544,
        0.9993612976902652,
        1.0
      ]
    ]
  ]
}