{
  "num_rounds": 3,
  "cluster_history": [
    {
      "node_0": 1,
      "node_1": 0,
      "node_2": 0,
      "node_3": 0,
      "node_4": 0,
      "node_5": 1,
      "node_6": 1
    },
    {
      "node_0": 0,
      "node_1": 0,
      "node_2": 0,
      "node_3": 0,
      "node_4": 1,
      "node_5": 1,
      "node_6": 1
    },
    {
      "node_0": 0,
      "node_1": 1,
      "node_2": 1,
      "node_3": 1,
      "node_4": 1,
      "node_5": 0,
      "node_6": 0
    }
  ],
  "reward_history": [
    -22.119999999999997,
    -27.405714285714286,
    -31.375714285714285
  ],
  "queue_history": [
    11.341736694677872,
    14.23142857142857,
    16.145714285714284
  ],
  "wait_history": [
    21.064705722337443,
    39.274764119626425,
    60.307160669472445
  ],
  "throughput_history": [
    0.5219421101774042,
    0.5271428571428572,
    0.4919047619047619
  ],
  "transitions": [
    {
      "round": 2,
      "transitions": {}
    },
    {
      "round": 3,
      "transitions": {
        "node_0": {
          "from": 1,
          "to": 0
        },
        "node_4": {
          "from": 0,
          "to": 1
        }
      }
    },
    {
      "round": 4,
      "transitions": {
        "node_1": {
          "from": 0,
          "to": 1
        },
        "node_2": {
          "from": 0,
          "to": 1
        },
        "node_3": {
          "from": 0,
          "to": 1
        },
        "node_5": {
          "from": 1,
          "to": 0
        },
        "node_6": {
          "from": 1,
          "to": 0
        }
      }
    }
  ],
  "fingerprints": [
    {
      "node_0": [
        11.611003653776326,
        8.529411764705882,
        0.5228758169934641,
        13.0,
        0.0392156862745098,
        0.0
      ],
      "node_1": [
        7.516955337690631,
        6.8431372549019605,
        0.5032679738562091,
        11.0,
        0.0,
        1.0
      ],
      "node_2": [
        9.509735838779955,
        8.03921568627451,
        0.5294117647058825,
        14.0,
        0.058823529411764705,
        1.0
      ],
      "node_3": [
        15.34513293164488,
        8.823529411764707,
        0.4836601307189542,
        16.0,
        0.3137254901960784,
        1.0
      ],
      "node_4": [
        10.373531117208787,
        7.529411764705882,
        0.4836601307189542,
        13.0,
        0.11764705882352941,
        0.0
      ],
      "node_5": [
        52.800538237676676,
        21.45098039215686,
        0.5686274509803921,
        29.0,
        1.8627450980392157,
        0.0
      ],
      "node_6": [
        40.296042939584844,
        18.176470588235293,
        0.5620915032679739,
        25.0,
        1.3725490196078431,
        0.0
      ]
    },
    {
      "node_0": [
        12.438774603174606,
        8.22,
        0.5100000000000001,
        13.0,
        0.12,
        0.0
      ],
      "node_1": [
        11.339939814814816,
        7.92,
        0.4833333333333333,
        15.0,
        0.02,
        1.0
      ],
      "node_2": [
        10.339209444444442,
        7.36,
        0.53,
        14.0,
        0.08,
        1.0
      ],
      "node_3": [
        13.046494369506838,
        8.04,
        0.51,
        16.0,
        0.06,
        1.0
      ],
      "node_4": [
        13.749028019593252,
        9.34,
        0.5033333333333334,
        17.0,
        0.14,
        0.0
      ],
      "node_5": [
        102.33162461421172,
        27.74,
        0.5900000000000001,
        32.0,
        2.92,
        0.0
      ],
      "node_6": [
        111.67827797163933,
        31.0,
        0.5633333333333334,
        42.0,
        2.76,
        0.0
      ]
    },
    {
      "node_0": [
        18.183386972249217,
        9.34,
        0.49666666666666665,
        17.0,
        0.26,
        0.0
      ],
      "node_1": [
        8.796113568055556,
        6.78,
        0.49666666666666665,
        15.0,
        0.0,
        1.0
      ],
      "node_2": [
        11.909454726814815,
        6.78,
        0.4566666666666667,
        14.0,
        0.02,
        1.0
      ],
      "node_3": [
        9.998220009645062,
        6.18,
        0.46333333333333326,
        16.0,
        0.0,
        1.0
      ],
      "node_4": [
        6.595988802083334,
        5.1,
        0.45,
        17.0,
        0.0,
        0.0
      ],
      "node_5": [
        127.89867159162272,
        34.08,
        0.5633333333333332,
        44.0,
        3.08,
        0.0
      ],
      "node_6": [
        238.7682890158364,
        44.76,
        0.5166666666666666,
        51.0,
        3.56,
        0.0
      ]
    }
  ],
  "similarity_matrices": [
    [
      [
        1.0,
        0.9908949601582528,
        0.9914314539075312,
        0.9956098752823205,
        0.9982812495014095,
        0.9448339346403191,
        0.9614446656889115
      ],
      [
        0.9908949601582528,
        0.9999999999999999,
        0.9994095049008761,
        0.9837752410597693,
        0.994307683091085,
        0.8981127867747289,
        0.9206818387345744
      ],
      [
        0.9914314539075312,
        0.9994095049008761,
        0.9999999999999999,
        0.98601209104102,
        0.9959833757963882,
        0.9001591804041352,
        0.922419971193575
      ],
      [
        0.9956098752823205,
        0.9837752410597693,
        0.98601209104102,
        0.9999999999999999,
        0.9945130083175613,
        0.9581824205727242,
        0.9717621721676571
      ],
      [
        0.9982812495014095,
        0.994307683091085,
        0.9959833757963882,
        0.9945130083175613,
        1.0000000000000002,
        0.9301035427862784,
        0.9486985294302883
      ],
      [
        0.9448339346403191,
        0.8981127867747289,
        0.9001591804041352,
        0.9581824205727242,
        0.9301035427862784,
        0.9999999999999998,
        0.998473582464514
      ],
      [
        0.9614446656889115,
        0.9206818387345744,
        0.922419971193575,
        0.9717621721676571,
        0.9486985294302883,
        0.998473582464514,
        0.9999999999999999
      ]
    ],
    [
      [
        0.9999999999999999,
        0.9927159071478239,
        0.9914386154962025,
        0.9946851918163091,
        0.9967844404233567,
        0.874680683344354,
        0.8977671027973723
      ],
      [
        0.9927159071478239,
        0.9999999999999999,
        0.9999234096950657,
        0.9990424260170812,
        0.9983204471537725,
        0.8218119924619894,
        0.8502080557372138
      ],
      [
        0.9914386154962025,
        0.9999234096950657,
        1.0,
        0.9985617179549482,
        0.9977558635146013,
        0.8157013530251677,
        0.8445245226347593
      ],
      [
        0.9946851918163091,
        0.9990424260170812,
        0.9985617179549482,
        1.0000000000000002,
        0.9984475031697311,
        0.8424835227361173,
        0.8695879282467799
      ],
      [
        0.9967844404233567,
        0.9983204471537725,
        0.9977558635146013,
        0.9984475031697311,
        0.9999999999999999,
        0.8390971292793209,
        0.8660689428092185
      ],
      [
        0.874680683344354,
        0.8218119924619894,
        0.8157013530251677,
        0.8424835227361173,
        0.8390971292793209,
        1.0,
        0.9984894922537767
      ],
      [
        0.8977671027973723,
        0.8502080557372138,
        0.8445245226347593,
        0.8695879282467799,
        0.8660689428092185,
        0.9984894922537767,
        1.0
      ]
    ],
    [
      [
        1.0000000000000002,
        0.9623908132219867,
        0.992931142353275,
        0.9678118255070004,
        0.9069369022979279,
        0.91451079593347,
        0.8524882957368963
      ],
      [
        0.9623908132219867,
        1.0,
        0.9865890653184188,
        0.99811998661028,
        0.9822007885818987,
        0.7729625181279128,
        0.6827342365964557
      ],
      [
        0.992931142353275,
        0.9865890653184188,
        0.9999999999999999,
        0.9898188507284218,
        0.9453886000912323,
        0.8659390168398221,
        0.792715229866011
      ],
      [
        0.9678118255070004,
        0.99811998661028,
        0.9898188507284218,
        1.0000000000000002,
        0.9816111055007093,
        0.7907347303163147,
        0.7050222955453831
      ],
      [
        0.9069369022979279,
        0.9822007885818987,
        0.9453886000912323,
        0.9816111055007093,
        0.9999999999999999,
        0.6681956031835516,
        0.567955509371894
      ],
      [
        0.91451079593347,
        0.7729625181279128,
        0.8659390168398221,
        0.7907347303163147,
        0.6681956031835516,
        1.0,
        0.9908631025884704
      ],
      [
        0.8524882957368963,
        0.6827342365964557,
        0.792715229866011,
        0.7050222955453831,
        0.567955509371894,
        0.9908631025884704,
        0.9999999999999999
      ]
    ]
  ]
}