{
  "num_rounds": 3,
  "cluster_history": [
    {
      "node_0": 0,
      "node_1": 1,
      "node_2": 0,
      "node_3": 1,
      "node_4": 0,
      "node_5": 0,
      "node_6": 1
    },
    {
      "node_0": 1,
      "node_1": 1,
      "node_2": 0,
      "node_3": 0,
      "node_4": 1,
      "node_5": 1,
      "node_6": 0
    },
    {
      "node_0": 0,
      "node_1": 0,
      "node_2": 1,
      "node_3": 1,
      "node_4": 0,
      "node_5": 0,
      "node_6": 1
    }
  ],
  "reward_history": [
    -21.347857142857144,
    -30.36785714285715,
    -40.116428571428585
  ],
  "queue_history": [
    10.955182072829132,
    15.685714285714285,
    20.302857142857142
  ],
  "wait_history": [
    19.60373669687427,
    54.76577522381864,
    110.13474741869618
  ],
  "throughput_history": [
    0.5004668534080299,
    0.4919047619047619,
    0.47380952380952385
  ],
  "transitions": [
    {
      "round": 2,
      "transitions": {}
    },
    {
      "round": 3,
      "transitions": {
        "node_0": {
          "from": 0,
          "to": 1
        },
        "node_3": {
          "from": 1,
          "to": 0
        },
        "node_4": {
          "from": 0,
          "to": 1
        },
        "node_5": {
          "from": 0,
          "to": 1
        },
        "node_6": {
          "from": 1,
          "to": 0
        }
      }
    },
    {
      "round": 4,
      "transitions": {
        "node_0": {
          "from": 1,
          "to": 0
        },
        "node_1": {
          "from": 1,
          "to": 0
        },
        "node_2": {
          "from": 0,
          "to": 1
        },
        "node_3": {
          "from": 0,
          "to": 1
        },
        "node_4": {
          "from": 1,
          "to": 0
        },
        "node_5": {
          "from": 1,
          "to": 0
        },
        "node_6": {
          "from": 0,
          "to": 1
        }
      }
    }
  ],
  "fingerprints": [
    {
      "node_0": [
        9.464968627450983,
        5.745098039215686,
        0.43137254901960775,
        10.0,
        0.0,
        1.0
      ],
      "node_1": [
        12.543860294117646,
        9.0,
        0.4967320261437908,
        16.0,
        0.1568627450980392,
        1.0
      ],
      "node_2": [
        7.835081699346406,
        6.980392156862745,
        0.4771241830065359,
        11.0,
        0.0,
        1.0
      ],
      "node_3": [
        37.148924335940784,
        19.784313725490197,
        0.5882352941176471,
        32.0,
        1.5490196078431373,
        0.0
      ],
      "node_4": [
        10.679858690389736,
        7.803921568627451,
        0.5163398692810457,
        16.0,
        0.058823529411764705,
        1.0
      ],
      "node_5": [
        11.281176470588235,
        7.078431372549019,
        0.45751633986928103,
        14.0,
        0.0784313725490196,
        1.0
      ],
      "node_6": [
        48.2722867602861,
        20.294117647058822,
        0.5359477124183006,
        30.0,
        1.607843137254902,
        0.0
      ]
    },
    {
      "node_0": [
        11.31392734577778,
        5.88,
        0.41666666666666663,
        10.0,
        0.04,
        1.0
      ],
      "node_1": [
        8.492098456790123,
        6.32,
        0.49666666666666665,
        16.0,
        0.0,
        1.0
      ],
      "node_2": [
        18.56805105643739,
        10.12,
        0.46333333333333326,
        15.0,
        0.42,
        1.0
      ],
      "node_3": [
        256.866481681827,
        57.02,
        0.5833333333333334,
        74.0,
        3.86,
        0.0
      ],
      "node_4": [
        11.103914930555556,
        4.86,
        0.39,
        16.0,
        0.0,
        1.0
      ],
      "node_5": [
        11.732436711111113,
        7.02,
        0.5033333333333334,
        14.0,
        0.0,
        1.0
      ],
      "node_6": [
        65.28351638423153,
        18.58,
        0.59,
        30.0,
        1.12,
        0.0
      ]
    },
    {
      "node_0": [
        8.027680005333334,
        4.5,
        0.39,
        10.0,
        0.0,
        1.0
      ],
      "node_1": [
        9.924292534722222,
        6.04,
        0.4833333333333333,
        16.0,
        0.0,
        1.0
      ],
      "node_2": [
        46.809531807715615,
        13.38,
        0.44333333333333336,
        18.0,
        1.02,
        1.0
      ],
      "node_3": [
        621.1526993389728,
        84.42,
        0.55,
        96.0,
        4.0,
        0.0
      ],
      "node_4": [
        7.655703125,
        5.88,
        0.45,
        16.0,
        0.0,
        1.0
      ],
      "node_5": [
        7.491579583333334,
        5.84,
        0.4433333333333333,
        14.0,
        0.0,
        1.0
      ],
      "node_6": [
        69.88174553579606,
        22.06,
        0.5566666666666668,
        32.0,
        1.84,
        0.0
      ]
    }
  ],
  "similarity_matrices": [
    [
      [
        1.0,
        0.9958495303281273,
        0.9888076178094435,
        0.9926914215128749,
        0.9875799018774398,
        0.9969478103051009,
        0.9674264850262381
      ],
      [
        0.9958495303281273,
        0.9999999999999999,
        0.99705384223381,
        0.9821171175354346,
        0.9970321889533538,
        0.9990297664145651,
        0.9439193947860071
      ],
      [
        0.9888076178094435,
        0.99705384223381,
        0.9999999999999999,
        0.9691614894080951,
        0.9952627809582346,
        0.9932410188581953,
        0.9238010032502787
      ],
      [
        0.9926914215128749,
        0.9821171175354346,
        0.9691614894080951,
        1.0,
        0.9670617855933489,
        0.9840951723475683,
        0.988709382313538
      ],
      [
        0.9875799018774398,
        0.9970321889533538,
        0.9952627809582346,
        0.9670617855933489,
        1.0000000000000002,
        0.9964836961793335,
        0.9196248615734789
      ],
      [
        0.9969478103051009,
        0.9990297664145651,
        0.9932410188581953,
        0.9840951723475683,
        0.9964836961793335,
        1.0,
        0.9487482110323691
      ],
      [
        0.9674264850262381,
        0.9439193947860071,
        0.9238010032502787,
        0.988709382313538,
        0.9196248615734789,
        0.9487482110323691,
        1.0
      ]
    ],
    [
      [
        0.9999999999999999,
        0.9434425063991715,
        0.9983311142325414,
        0.8969274952863797,
        0.9660293565020047,
        0.9902714119473072,
        0.9525183822185216
      ],
      [
        0.9434425063991715,
        1.0,
        0.928053105115406,
        0.7092878111299847,
        0.9894085893773198,
        0.9802972336561888,
        0.8077476223449642
      ],
      [
        0.9983311142325414,
        0.928053105115406,
        1.0000000000000002,
        0.9103471830393863,
        0.9517753250769034,
        0.9831375851239222,
        0.960896352663657
      ],
      [
        0.8969274952863797,
        0.7092878111299847,
        0.9103471830393863,
        0.9999999999999996,
        0.7850227119365004,
        0.8305913019129509,
        0.9883960757056673
      ],
      [
        0.9660293565020047,
        0.9894085893773198,
        0.9517753250769034,
        0.7850227119365004,
        1.0,
        0.9888037883953678,
        0.868280618677784
      ],
      [
        0.9902714119473072,
        0.9802972336561888,
        0.9831375851239222,
        0.8305913019129509,
        0.9888037883953678,
        1.0000000000000002,
        0.9050621650894186
      ],
      [
        0.9525183822185216,
        0.8077476223449642,
        0.960896352663657,
        0.9883960757056673,
        0.868280618677784,
        0.9050621650894186,
        0.9999999999999999
      ]
    ],
    [
      [
        0.9999999999999997,
        0.9927999865122541,
        0.8718187070117175,
        0.7317674127834731,
        0.9761385648239014,
        0.9847351655885263,
        0.8991769026038677
      ],
      [
        0.9927999865122541,
        1.0,
        0.8115574602129979,
        0.6537402576444096,
        0.9946120625066053,
        0.9972689271869537,
        0.8453181886542551
      ],
      [
        0.8718187070117175,
        0.8115574602129979,
        1.0,
        0.9698329307708589,
        0.7471555037012554,
        0.7747081065300919,
        0.9978302882277401
      ],
      [
        0.7317674127834731,
        0.6537402576444096,
        0.9698329307708589,
        1.0000000000000002,
        0.5718108738958023,
        0.6036861240807391,
        0.9531442355502086
      ],
      [
        0.9761385648239014,
        0.9946120625066053,
        0.7471555037012554,
        0.5718108738958023,
        0.9999999999999998,
        0.9985608406814608,
        0.7860888313941121
      ],
      [
        0.9847351655885263,
        0.9972689271869537,
        0.7747081065300919,
        0.6036861240807391,
        0.9985608406814608,
        1.0,
        0.8116186866868393
      ],
      [
        0.8991769026038677,
        0.8453181886542551,
        0.9978302882277401,
        0.9531442355502086,
        0.7860888313941121,
        0.8116186866868393,
        1.0000000000000002
      ]
    ]
  ]
}