{
  "num_rounds": 3,
  "cluster_history": [
    {
      "node_0": 0,
      "node_1": 0,
      "node_2": 0,
      "node_3": 1,
      "node_4": 1,
      "node_5": 1
    },
    {
      "node_0": 0,
      "node_1": 0,
      "node_2": 1,
      "node_3": 0,
      "node_4": 0,
      "node_5": 1
    },
    {
      "node_0": 0,
      "node_1": 1,
      "node_2": 1,
      "node_3": 0,
      "node_4": 0,
      "node_5": 0
    }
  ],
  "transitions": [
    {
      "round": 1,
      "transitions": {}
    },
    {
      "round": 2,
      "transitions": {
        "node_2": {
          "from": 0,
          "to": 1
        },
        "node_3": {
          "from": 1,
          "to": 0
        },
        "node_4": {
          "from": 1,
          "to": 0
        }
      }
    },
    {
      "round": 3,
      "transitions": {
        "node_1": {
          "from": 0,
          "to": 1
        },
        "node_5": {
          "from": 1,
          "to": 0
        }
      }
    }
  ],
  "fingerprints": [
    {
      "node_0": [
        7.01304347826087,
        8.065,
        0.0,
        20.0,
        0.0,
        1.0
      ],
      "node_1": [
        8.034615384615385,
        10.445,
        0.0,
        29.0,
        0.0,
        0.5
      ],
      "node_2": [
        4.6607929515418505,
        5.29,
        0.0,
        14.0,
        1.0,
        0.0
      ],
      "node_3": [
        5.668032786885246,
        6.915,
        0.0,
        20.0,
        0.0,
        0.0
      ],
      "node_4": [
        4.458149779735683,
        5.06,
        0.0,
        13.0,
        0.0,
        0.0
      ],
      "node_5": [
        4.293103448275862,
        4.98,
        0.0,
        17.0,
        0.0,
        0.0
      ]
    },
    {
      "node_0": [
        5.753191489361702,
        6.76,
        0.0,
        18.0,
        0.0,
        1.0
      ],
      "node_1": [
        6.003831417624521,
        7.835,
        0.0,
        20.0,
        0.0,
        0.5
      ],
      "node_2": [
        6.459677419354839,
        8.01,
        0.0,
        22.0,
        1.0,
        0.0
      ],
      "node_3": [
        5.445783132530121,
        6.78,
        0.0,
        16.0,
        0.0,
        0.0
      ],
      "node_4": [
        5.509009009009009,
        6.115,
        0.0,
        17.0,
        0.0,
        0.0
      ],
      "node_5": [
        6.935622317596566,
        8.08,
        0.0,
        18.0,
        1.0,
        0.0
      ]
    },
    {
      "node_0": [
        6.344398340248962,
        7.645,
        0.0,
        18.0,
        0.0,
        1.0
      ],
      "node_1": [
        7.620967741935484,
        9.45,
        0.0,
        21.0,
        1.0,
        0.5
      ],
      "node_2": [
        8.44811320754717,
        8.955,
        0.0,
        25.0,
        1.0,
        0.0
      ],
      "node_3": [
        6.007843137254902,
        7.66,
        0.0,
        18.0,
        0.0,
        0.0
      ],
      "node_4": [
        6.1,
        7.93,
        0.0,
        20.0,
        0.0,
        0.0
      ],
      "node_5": [
        4.337552742616034,
        5.14,
        0.0,
        14.0,
        0.0,
        0.0
      ]
    }
  ],
  "similarity_matrices": [
    [
      [
        1.0,
        0.9971844362937557,
        0.9967045291660384,
        0.9964748859937851,
        0.9989496745094317,
        0.9916348720819974
      ],
      [
        0.9971844362937557,
        1.0,
        0.9966387631881796,
        0.9997774530979745,
        0.9981022396140878,
        0.9979944743217004
      ],
      [
        0.9967045291660384,
        0.9966387631881796,
        0.9999999999999999,
        0.9967939971106446,
        0.9978991780180404,
        0.9932247752412797
      ],
      [
        0.9964748859937851,
        0.9997774530979745,
        0.9967939971106446,
        1.0,
        0.99819143501149,
        0.998636129464536
      ],
      [
        0.9989496745094317,
        0.9981022396140878,
        0.9978991780180404,
        0.99819143501149,
        0.9999999999999999,
        0.9940022371820466
      ],
      [
        0.9916348720819974,
        0.9979944743217004,
        0.9932247752412797,
        0.998636129464536,
        0.9940022371820466,
        1.0000000000000002
      ]
    ],
    [
      [
        0.9999999999999999,
        0.9993685723331469,
        0.9976373044658989,
        0.9978890041959122,
        0.998658075343392,
        0.9947356655599559
      ],
      [
        0.9993685723331469,
        0.9999999999999999,
        0.998625297087801,
        0.9989183504752065,
        0.9991115510704472,
        0.9953987724700282
      ],
      [
        0.9976373044658989,
        0.998625297087801,
        0.9999999999999999,
        0.9973342350816203,
        0.9987885564048962,
        0.9952141307483143
      ],
      [
        0.9978890041959122,
        0.9989183504752065,
        0.9973342350816203,
        1.0000000000000004,
        0.9985640228161727,
        0.9980695194569772
      ],
      [
        0.998658075343392,
        0.9991115510704472,
        0.9987885564048962,
        0.9985640228161727,
        1.0,
        0.9953302330610219
      ],
      [
        0.9947356655599559,
        0.9953987724700282,
        0.9952141307483143,
        0.9980695194569772,
        0.9953302330610219,
        1.0
      ]
    ],
    [
      [
        1.0000000000000002,
        0.9985401497271021,
        0.9966561508121488,
        0.998695377001363,
        0.9978530897231793,
        0.99721977108688
      ],
      [
        0.9985401497271021,
        0.9999999999999999,
        0.9968975819827188,
        0.9985152432785804,
        0.9970635147682582,
        0.9959783505294763
      ],
      [
        0.9966561508121488,
        0.9968975819827188,
        1.0,
        0.9977555391145982,
        0.9983388866097452,
        0.9990166147664112
      ],
      [
        0.998695377001363,
        0.9985152432785804,
        0.9977555391145982,
        1.0,
        0.9994805478957752,
        0.9987193214960057
      ],
      [
        0.9978530897231793,
        0.9970635147682582,
        0.9983388866097452,
        0.9994805478957752,
        1.0,
        0.9996739669877414
      ],
      [
        0.99721977108688,
        0.9959783505294763,
        0.9990166147664112,
        0.9987193214960057,
        0.9996739669877414,
        1.0
      ]
    ]
  ]
}