{
  "num_rounds": 6,
  "cluster_history": [
    {
      "node_0": 0,
      "node_1": 0,
      "node_2": 0,
      "node_3": 0,
      "node_4": 1,
      "node_5": 1,
      "node_6": 1,
      "node_7": 1
    },
    {
      "node_0": 1,
      "node_1": 1,
      "node_2": 0,
      "node_3": 1,
      "node_4": 0,
      "node_5": 1,
      "node_6": 0,
      "node_7": 0
    },
    {
      "node_0": 1,
      "node_1": 1,
      "node_2": 1,
      "node_3": 0,
      "node_4": 0,
      "node_5": 0,
      "node_6": 1,
      "node_7": 0
    },
    {
      "node_0": 1,
      "node_1": 1,
      "node_2": 0,
      "node_3": 0,
      "node_4": 0,
      "node_5": 0,
      "node_6": 1,
      "node_7": 1
    },
    {
      "node_0": 1,
      "node_1": 0,
      "node_2": 1,
      "node_3": 0,
      "node_4": 1,
      "node_5": 0,
      "node_6": 1,
      "node_7": 0
    },
    {
      "node_0": 0,
      "node_1": 0,
      "node_2": 1,
      "node_3": 1,
      "node_4": 0,
      "node_5": 1,
      "node_6": 1,
      "node_7": 0
    }
  ],
  "transitions": [
    {
      "round": 1,
      "transitions": {}
    },
    {
      "round": 2,
      "transitions": {
        "node_0": {
          "from": 0,
          "to": 1
        },
        "node_1": {
          "from": 0,
          "to": 1
        },
        "node_3": {
          "from": 0,
          "to": 1
        },
        "node_4": {
          "from": 1,
          "to": 0
        },
        "node_6": {
          "from": 1,
          "to": 0
        },
        "node_7": {
          "from": 1,
          "to": 0
        }
      }
    },
    {
      "round": 3,
      "transitions": {
        "node_2": {
          "from": 0,
          "to": 1
        },
        "node_3": {
          "from": 1,
          "to": 0
        },
        "node_5": {
          "from": 1,
          "to": 0
        },
        "node_6": {
          "from": 0,
          "to": 1
        }
      }
    },
    {
      "round": 4,
      "transitions": {
        "node_2": {
          "from": 1,
          "to": 0
        },
        "node_7": {
          "from": 0,
          "to": 1
        }
      }
    },
    {
      "round": 5,
      "transitions": {
        "node_1": {
          "from": 1,
          "to": 0
        },
        "node_2": {
          "from": 0,
          "to": 1
        },
        "node_4": {
          "from": 0,
          "to": 1
        },
        "node_7": {
          "from": 1,
          "to": 0
        }
      }
    },
    {
      "round": 6,
      "transitions": {
        "node_0": {
          "from": 1,
          "to": 0
        },
        "node_3": {
          "from": 0,
          "to": 1
        },
        "node_4": {
          "from": 1,
          "to": 0
        },
        "node_5": {
          "from": 0,
          "to": 1
        }
      }
    }
  ],
  "fingerprints": [
    {
      "node_0": [
        4.981900452488688,
        5.505,
        0.0,
        15.0,
        0.0,
        1.0
      ],
      "node_1": [
        6.293233082706767,
        8.37,
        0.0,
        19.0,
        0.0,
        0.5
      ],
      "node_2": [
        4.092105263157895,
        4.665,
        0.0,
        12.0,
        0.0,
        0.0
      ],
      "node_3": [
        4.493333333333333,
        5.055,
        0.0,
        15.0,
        1.0,
        0.0
      ],
      "node_4": [
        7.710204081632653,
        9.445,
        0.0,
        26.0,
        0.0,
        0.0
      ],
      "node_5": [
        4.592592592592593,
        5.58,
        0.0,
        14.0,
        0.0,
        0.0
      ],
      "node_6": [
        5.7203065134099615,
        7.465,
        0.0,
        19.0,
        1.0,
        0.0
      ],
      "node_7": [
        7.5111940298507465,
        10.065,
        0.0,
        22.0,
        0.0,
        0.0
      ]
    },
    {
      "node_0": [
        4.7631578947368425,
        5.43,
        0.0,
        18.0,
        0.0,
        1.0
      ],
      "node_1": [
        3.5555555555555554,
        3.84,
        0.0,
        10.0,
        0.0,
        0.5
      ],
      "node_2": [
        9.226720647773279,
        11.395,
        0.0,
        22.0,
        0.0,
        0.0
      ],
      "node_3": [
        5.380753138075314,
        6.43,
        0.0,
        18.0,
        0.0,
        0.0
      ],
      "node_4": [
        8.638461538461538,
        11.23,
        0.0,
        28.0,
        0.0,
        0.0
      ],
      "node_5": [
        5.54320987654321,
        6.735,
        0.0,
        17.0,
        0.0,
        0.0
      ],
      "node_6": [
        6.311688311688312,
        7.29,
        0.0,
        20.0,
        1.0,
        0.0
      ],
      "node_7": [
        7.891213389121339,
        9.43,
        0.0,
        26.0,
        0.0,
        0.0
      ]
    },
    {
      "node_0": [
        5.967032967032967,
        8.145,
        0.0,
        20.0,
        1.0,
        1.0
      ],
      "node_1": [
        5.965811965811966,
        6.98,
        0.0,
        22.0,
        0.0,
        0.5
      ],
      "node_2": [
        4.3061224489795915,
        5.275,
        0.0,
        16.0,
        0.0,
        0.0
      ],
      "node_3": [
        6.7734375,
        8.67,
        0.0,
        23.0,
        0.0,
        0.0
      ],
      "node_4": [
        6.448979591836735,
        7.9,
        0.0,
        21.0,
        1.0,
        0.0
      ],
      "node_5": [
        10.368029739776953,
        13.945,
        0.0,
        27.0,
        1.0,
        0.0
      ],
      "node_6": [
        6.0131578947368425,
        6.855,
        0.0,
        18.0,
        0.0,
        0.0
      ],
      "node_7": [
        7.532567049808429,
        9.83,
        0.0,
        21.0,
        1.0,
        0.0
      ]
    },
    {
      "node_0": [
        12.66044776119403,
        16.965,
        0.0,
        40.0,
        0.0,
        1.0
      ],
      "node_1": [
        6.805343511450381,
        8.915,
        0.0,
        19.0,
        0.0,
        0.5
      ],
      "node_2": [
        5.759183673469388,
        7.055,
        0.0,
        20.0,
        0.0,
        0.0
      ],
      "node_3": [
        5.627615062761507,
        6.725,
        0.0,
        16.0,
        0.0,
        0.0
      ],
      "node_4": [
        6.096069868995633,
        6.98,
        0.0,
        17.0,
        0.0,
        0.0
      ],
      "node_5": [
        5.506276150627615,
        6.58,
        0.0,
        17.0,
        0.0,
        0.0
      ],
      "node_6": [
        16.79835390946502,
        20.41,
        0.0,
        43.0,
        1.0,
        0.0
      ],
      "node_7": [
        9.108,
        11.385,
        0.0,
        26.0,
        0.0,
        0.0
      ]
    },
    {
      "node_0": [
        3.7841409691629955,
        4.295,
        0.0,
        14.0,
        0.0,
        1.0
      ],
      "node_1": [
        7.0246913580246915,
        8.535,
        0.0,
        30.0,
        0.0,
        0.5
      ],
      "node_2": [
        7.008695652173913,
        8.06,
        0.0,
        18.0,
        1.0,
        0.0
      ],
      "node_3": [
        8.106995884773662,
        9.85,
        0.0,
        22.0,
        0.0,
        0.0
      ],
      "node_4": [
        5.221698113207547,
        5.535,
        0.0,
        17.0,
        0.0,
        0.0
      ],
      "node_5": [
        6.680161943319838,
        8.25,
        0.0,
        22.0,
        0.0,
        0.0
      ],
      "node_6": [
        5.5625,
        6.675,
        0.0,
        16.0,
        2.0,
        0.0
      ],
      "node_7": [
        8.179282868525897,
        10.265,
        0.0,
        25.0,
        0.0,
        0.0
      ]
    },
    {
      "node_0": [
        4.64591439688716,
        5.97,
        0.0,
        15.0,
        0.0,
        1.0
      ],
      "node_1": [
        4.098591549295775,
        4.365,
        0.0,
        11.0,
        0.0,
        0.5
      ],
      "node_2": [
        6.004524886877828,
        6.635,
        0.0,
        21.0,
        1.0,
        0.0
      ],
      "node_3": [
        6.686440677966102,
        7.89,
        0.0,
        18.0,
        0.0,
        0.0
      ],
      "node_4": [
        5.173913043478261,
        5.95,
        0.0,
        16.0,
        0.0,
        0.0
      ],
      "node_5": [
        9.166666666666666,
        11.0,
        0.0,
        24.0,
        0.0,
        0.0
      ],
      "node_6": [
        5.776371308016878,
        6.845,
        0.0,
        18.0,
        0.0,
        0.0
      ],
      "node_7": [
        5.108333333333333,
        6.13,
        0.0,
        15.0,
        0.0,
        0.0
      ]
    }
  ],
  "similarity_matrices": [
    [
      [
        1.0,
        0.9974768716548532,
        0.998040269610755,
        0.995727837775692,
        0.9977532265874605,
        0.997853513762265,
        0.9964564166287407,
        0.995498914042332
      ],
      [
        0.9974768716548532,
        1.0,
        0.998754797059042,
        0.994026717001191,
        0.9974446771476143,
        0.9991511511898419,
        0.9976442125967733,
        0.9996207783950851
      ],
      [
        0.998040269610755,
        0.998754797059042,
        0.9999999999999998,
        0.9967178019698741,
        0.9991264458880549,
        0.9998956488249663,
        0.9982880207680354,
        0.9984310337644927
      ],
      [
        0.995727837775692,
        0.994026717001191,
        0.9967178019698741,
        0.9999999999999998,
        0.9978937684465763,
        0.9966242471748521,
        0.9987792601848717,
        0.9929028357427966
      ],
      [
        0.9977532265874605,
        0.9974446771476143,
        0.9991264458880549,
        0.9978937684465763,
        1.0,
        0.9992750675574696,
        0.9985772108869297,
        0.9965849285182649
      ],
      [
        0.997853513762265,
        0.9991511511898419,
        0.9998956488249663,
        0.9966242471748521,
        0.9992750675574696,
        0.9999999999999999,
        0.9986236481698951,
        0.9988536994319506
      ],
      [
        0.9964564166287407,
        0.9976442125967733,
        0.9982880207680354,
        0.9987792601848717,
        0.9985772108869297,
        0.9986236481698951,
        0.9999999999999999,
        0.9971284812596858
      ],
      [
        0.995498914042332,
        0.9996207783950851,
        0.9984310337644927,
        0.9929028357427966,
        0.9965849285182649,
        0.9988536994319506,
        0.9971284812596858,
        0.9999999999999999
      ]
    ],
    [
      [
        1.0,
        0.9948744865443422,
        0.9773470045448674,
        0.9971588331606914,
        0.9945633218575525,
        0.9943231814309267,
        0.9953771498155427,
        0.9968244433595043
      ],
      [
        0.9948744865443422,
        1.0,
        0.9928775615539973,
        0.9977070201545725,
        0.9980561565238547,
        0.9986282114894027,
        0.997357091673807,
        0.9979567121989166
      ],
      [
        0.9773470045448674,
        0.9928775615539973,
        1.0,
        0.988447689909796,
        0.9927999724533088,
        0.9935256534181414,
        0.9892757965187843,
        0.9893151343261507
      ],
      [
        0.9971588331606914,
        0.9977070201545725,
        0.988447689909796,
        1.0,
        0.999310089499025,
        0.9992654112434839,
        0.9988725520472022,
        0.9999829180059625
      ],
      [
        0.9945633218575525,
        0.9980561565238547,
        0.9927999724533088,
        0.999310089499025,
        1.0000000000000002,
        0.9998722936642456,
        0.9984751848015925,
        0.9994810830144406
      ],
      [
        0.9943231814309267,
        0.9986282114894027,
        0.9935256534181414,
        0.9992654112434839,
        0.9998722936642456,
        1.0,
        0.9986178147651333,
        0.9994712776748652
      ],
      [
        0.9953771498155427,
        0.997357091673807,
        0.9892757965187843,
        0.9988725520472022,
        0.9984751848015925,
        0.9986178147651333,
        1.0,
        0.998933056813836
      ],
      [
        0.9968244433595043,
        0.9979567121989166,
        0.9893151343261507,
        0.9999829180059625,
        0.9994810830144406,
        0.9994712776748652,
        0.998933056813836,
        0.9999999999999999
      ]
    ],
    [
      [
        1.0,
        0.9956480236102501,
        0.9956554944146664,
        0.9976938076384672,
        0.9986180565003445,
        0.9934853380123732,
        0.9972298166472999,
        0.9968214900322563
      ],
      [
        0.9956480236102501,
        1.0,
        0.9997172583313394,
        0.9983297446752849,
        0.9972167481835355,
        0.9832966314495413,
        0.9970652627432207,
        0.9892417939319742
      ],
      [
        0.9956554944146664,
        0.9997172583313394,
        1.0,
        0.9990015915726446,
        0.9978498019875532,
        0.9849764619151206,
        0.9976761081778289,
        0.9905750582553775
      ],
      [
        0.9976938076384672,
        0.9983297446752849,
        0.9990015915726446,
        1.0000000000000002,
        0.9990232962439077,
        0.9915661083540044,
        0.9994266240825038,
        0.9954019704756272
      ],
      [
        0.9986180565003445,
        0.9972167481835355,
        0.9978498019875532,
        0.9990232962439077,
        0.9999999999999999,
        0.9925347404626568,
        0.9988184243837935,
        0.9966404907761213
      ],
      [
        0.9934853380123732,
        0.9832966314495413,
        0.9849764619151206,
        0.9915661083540044,
        0.9925347404626568,
        1.0000000000000002,
        0.993426627689327,
        0.9991619854102083
      ],
      [
        0.9972298166472999,
        0.9970652627432207,
        0.9976761081778289,
        0.9994266240825038,
        0.9988184243837935,
        0.993426627689327,
        1.0,
        0.9966162578064414
      ],
      [
        0.9968214900322563,
        0.9892417939319742,
        0.9905750582553775,
        0.9954019704756272,
        0.9966404907761213,
        0.9991619854102083,
        0.9966162578064414,
        0.9999999999999999
      ]
    ],
    [
      [
        1.0,
        0.9989047673896465,
        0.9978071012168919,
        0.9993008373127319,
        0.9990199574497458,
        0.9992424680433734,
        0.99720812746295,
        0.999330703715629
      ],
      [
        0.9989047673896465,
        1.0,
        0.9940252009146624,
        0.9989897218063001,
        0.9986322068799054,
        0.9973468009850933,
        0.9992078038098955,
        0.9994330750973752
      ],
      [
        0.9978071012168919,
        0.9940252009146624,
        0.9999999999999999,
        0.9972445901538807,
        0.9973138330410568,
        0.999182260915408,
        0.9921394296410908,
        0.9964835807751283
      ],
      [
        0.9993008373127319,
        0.9989897218063001,
        0.9972445901538807,
        1.0,
        0.9999462050971432,
        0.9994236647712699,
        0.9985542288133715,
        0.9998956487157696
      ],
      [
        0.9990199574497458,
        0.9986322068799054,
        0.9973138330410568,
        0.9999462050971432,
        1.0000000000000002,
        0.9994496449263409,
        0.9983404052675954,
        0.9997103230993218
      ],
      [
        0.9992424680433734,
        0.9973468009850933,
        0.999182260915408,
        0.9994236647712699,
        0.9994496449263409,
        1.0,
        0.9962886115210351,
        0.9989931029109922
      ],
      [
        0.99720812746295,
        0.9992078038098955,
        0.9921394296410908,
        0.9985542288133715,
        0.9983404052675954,
        0.9962886115210351,
        1.0,
        0.998974623643222
      ],
      [
        0.999330703715629,
        0.9994330750973752,
        0.9964835807751283,
        0.9998956487157696,
        0.9997103230993218,
        0.9989931029109922,
        0.998974623643222,
        1.0
      ]
    ],
    [
      [
        1.0,
        0.9980428415634558,
        0.9858705366035294,
        0.9883164973440905,
        0.9971977091769,
        0.9957971351222135,
        0.9858618881348722,
        0.9930771479522028
      ],
      [
        0.9980428415634558,
        1.0,
        0.9820850823071796,
        0.9850459147840708,
        0.9972553373143319,
        0.9952178524643873,
        0.9835430020729915,
        0.9913658905576509
      ],
      [
        0.9858705366035294,
        0.9820850823071796,
        1.0,
        0.9987161427529202,
        0.9921281070311373,
        0.9950341512709009,
        0.9973270961313475,
        0.997287073553367
      ],
      [
        0.9883164973440905,
        0.9850459147840708,
        0.9987161427529202,
        0.9999999999999999,
        0.9940631869376854,
        0.9971122612278669,
        0.993626993132028,
        0.9990874062494157
      ],
      [
        0.9971977091769,
        0.9972553373143319,
        0.9921281070311373,
        0.9940631869376854,
        0.9999999999999999,
        0.9990804572712515,
        0.9907366411109687,
        0.9973804985254312
      ],
      [
        0.9957971351222135,
        0.9952178524643873,
        0.9950341512709009,
        0.9971122612278669,
        0.9990804572712515,
        1.0000000000000002,
        0.992858702643503,
        0.9994196402425585
      ],
      [
        0.9858618881348722,
        0.9835430020729915,
        0.9973270961313475,
        0.993626993132028,
        0.9907366411109687,
        0.992858702643503,
        1.0,
        0.9938697153033107
      ],
      [
        0.9930771479522028,
        0.9913658905576509,
        0.997287073553367,
        0.9990874062494157,
        0.9973804985254312,
        0.9994196402425585,
        0.9938697153033107,
        1.0
      ]
    ],
    [
      [
        0.9999999999999999,
        0.9983973006667359,
        0.9947324509141385,
        0.9965609684712092,
        0.997896375654242,
        0.9956012471880408,
        0.9980614842825017,
        0.9978780280568881
      ],
      [
        0.9983973006667359,
        1.0000000000000002,
        0.9936514016441335,
        0.9986306845284335,
        0.9982265454225389,
        0.9979979818467267,
        0.998230046525381,
        0.9987651524211912
      ],
      [
        0.9947324509141385,
        0.9936514016441335,
        1.0,
        0.9919104498151432,
        0.9974941838888405,
        0.9897705469964082,
        0.9972051531126389,
        0.9951905165349839
      ],
      [
        0.9965609684712092,
        0.9986306845284335,
        0.9919104498151432,
        1.0,
        0.9979584119180609,
        0.9998564454242603,
        0.9982125597410092,
        0.9994601198122526
      ],
      [
        0.997896375654242,
        0.9982265454225389,
        0.9974941838888405,
        0.9979584119180609,
        1.0,
        0.9967476680643679,
        0.9999710265585502,
        0.999473292160038
      ],
      [
        0.9956012471880408,
        0.9979979818467267,
        0.9897705469964082,
        0.9998564454242603,
        0.9967476680643679,
        1.0,
        0.9970929404001971,
        0.9987979504438681
      ],
      [
        0.9980614842825017,
        0.998230046525381,
        0.9972051531126389,
        0.9982125597410092,
        0.9999710265585502,
        0.9970929404001971,
        0.9999999999999998,
        0.9996267738690079
      ],
      [
        0.9978780280568881,
        0.9987651524211912,
        0.9951905165349839,
        0.9994601198122526,
        0.999473292160038,
        0.9987979504438681,
        0.9996267738690079,
        0.9999999999999999
      ]
    ]
  ]
}