{
  "num_rounds": 5,
  "cluster_history": [
    {
      "node_0": 0,
      "node_1": 0,
      "node_2": 0,
      "node_3": 1,
      "node_4": 1,
      "node_5": 1
    },
    {
      "node_0": 0,
      "node_1": 0,
      "node_2": 1,
      "node_3": 1,
      "node_4": 0,
      "node_5": 1
    },
    {
      "node_0": 1,
      "node_1": 1,
      "node_2": 0,
      "node_3": 0,
      "node_4": 0,
      "node_5": 0
    },
    {
      "node_0": 1,
      "node_1": 1,
      "node_2": 0,
      "node_3": 0,
      "node_4": 1,
      "node_5": 0
    },
    {
      "node_0": 0,
      "node_1": 0,
      "node_2": 1,
      "node_3": 1,
      "node_4": 1,
      "node_5": 1
    }
  ],
  "reward_history": [
    84.68890503238514,
    72.678985624914,
    73.08466081979837,
    73.08466081979837,
    73.08466081979837
  ],
  "queue_history": [
    3.662083333333334,
    3.4154166666666668,
    3.4116666666666666,
    3.4116666666666666,
    3.4116666666666666
  ],
  "wait_history": [
    32.550568549699015,
    32.6844500887936,
    32.69964378772918,
    32.69964378772918,
    32.69964378772918
  ],
  "throughput_history": [
    0.3140929649689323,
    0.31329640142286325,
    0.3128444168954499,
    0.3128444168954499,
    0.3128444168954499
  ],
  "transitions": [
    {
      "round": 1,
      "transitions": {}
    },
    {
      "round": 2,
      "transitions": {
        "node_2": {
          "from": 0,
          "to": 1
        },
        "node_4": {
          "from": 1,
          "to": 0
        }
      }
    },
    {
      "round": 3,
      "transitions": {
        "node_0": {
          "from": 0,
          "to": 1
        },
        "node_1": {
          "from": 0,
          "to": 1
        },
        "node_2": {
          "from": 1,
          "to": 0
        },
        "node_3": {
          "from": 1,
          "to": 0
        },
        "node_5": {
          "from": 1,
          "to": 0
        }
      }
    },
    {
      "round": 4,
      "transitions": {
        "node_4": {
          "from": 0,
          "to": 1
        }
      }
    },
    {
      "round": 5,
      "transitions": {
        "node_0": {
          "from": 1,
          "to": 0
        },
        "node_1": {
          "from": 1,
          "to": 0
        },
        "node_2": {
          "from": 0,
          "to": 1
        },
        "node_3": {
          "from": 0,
          "to": 1
        },
        "node_5": {
          "from": 0,
          "to": 1
        }
      }
    }
  ],
  "fingerprints": [
    {
      "node_0": [
        31.534343434343434,
        3.61,
        0.32727272727272727,
        6.0,
        0.0,
        1.0
      ],
      "node_1": [
        33.223340040241446,
        3.62,
        0.3118712273641851,
        7.0,
        0.0,
        0.5
      ],
      "node_2": [
        33.81983805668016,
        4.4825,
        0.3006072874493927,
        7.0,
        0.0,
        0.0
      ],
      "node_3": [
        33.13017154389505,
        3.2475,
        0.3168516649848638,
        7.0,
        0.0,
        0.0
      ],
      "node_4": [
        32.317492416582404,
        3.5025,
        0.3104145601617796,
        7.0,
        0.0,
        0.0
      ],
      "node_5": [
        31.278225806451612,
        3.51,
        0.3175403225806452,
        7.0,
        0.0,
        0.0
      ]
    },
    {
      "node_0": [
        31.82980866062437,
        3.695,
        0.3162134944612286,
        7.0,
        0.0,
        1.0
      ],
      "node_1": [
        33.259818731117825,
        3.505,
        0.32326283987915405,
        7.0,
        0.0,
        0.5
      ],
      "node_2": [
        32.61189516129032,
        2.84,
        0.3074596774193548,
        6.0,
        0.0,
        0.0
      ],
      "node_3": [
        34.40281973816717,
        3.45,
        0.3081570996978852,
        6.0,
        0.0,
        0.0
      ],
      "node_4": [
        34.341733870967744,
        3.6375,
        0.3125,
        7.0,
        0.0,
        0.0
      ],
      "node_5": [
        29.66062437059416,
        3.365,
        0.3121852970795569,
        6.0,
        0.0,
        0.0
      ]
    },
    {
      "node_0": [
        31.82980866062437,
        3.695,
        0.3162134944612286,
        7.0,
        0.0,
        1.0
      ],
      "node_1": [
        33.259818731117825,
        3.505,
        0.32326283987915405,
        7.0,
        0.0,
        0.5
      ],
      "node_2": [
        32.61189516129032,
        2.84,
        0.3074596774193548,
        6.0,
        0.0,
        0.0
      ],
      "node_3": [
        34.40281973816717,
        3.45,
        0.3081570996978852,
        6.0,
        0.0,
        0.0
      ],
      "node_4": [
        34.43289606458123,
        3.615,
        0.30978809283551967,
        7.0,
        0.0,
        0.0
      ],
      "node_5": [
        29.66062437059416,
        3.365,
        0.3121852970795569,
        6.0,
        0.0,
        0.0
      ]
    },
    {
      "node_0": [
        31.82980866062437,
        3.695,
        0.3162134944612286,
        7.0,
        0.0,
        1.0
      ],
      "node_1": [
        33.259818731117825,
        3.505,
        0.32326283987915405,
        7.0,
        0.0,
        0.5
      ],
      "node_2": [
        32.61189516129032,
        2.84,
        0.3074596774193548,
        6.0,
        0.0,
        0.0
      ],
      "node_3": [
        34.40281973816717,
        3.45,
        0.3081570996978852,
        6.0,
        0.0,
        0.0
      ],
      "node_4": [
        34.43289606458123,
        3.615,
        0.30978809283551967,
        7.0,
        0.0,
        0.0
      ],
      "node_5": [
        29.66062437059416,
        3.365,
        0.3121852970795569,
        6.0,
        0.0,
        0.0
      ]
    },
    {
      "node_0": [
        31.82980866062437,
        3.695,
        0.3162134944612286,
        7.0,
        0.0,
        1.0
      ],
      "node_1": [
        33.259818731117825,
        3.505,
        0.32326283987915405,
        7.0,
        0.0,
        0.5
      ],
      "node_2": [
        32.61189516129032,
        2.84,
        0.3074596774193548,
        6.0,
        0.0,
        0.0
      ],
      "node_3": [
        34.40281973816717,
        3.45,
        0.3081570996978852,
        6.0,
        0.0,
        0.0
      ],
      "node_4": [
        34.43289606458123,
        3.615,
        0.30978809283551967,
        7.0,
        0.0,
        0.0
      ],
      "node_5": [
        29.66062437059416,
        3.365,
        0.3121852970795569,
        6.0,
        0.0,
        0.0
      ]
    }
  ],
  "similarity_matrices": [
    [
      [
        0.9999999999999998,
        0.9996595632461374,
        0.9992470843897159,
        0.9991850739056732,
        0.9991843407919152,
        0.9990067869386583
      ],
      [
        0.9996595632461374,
        0.9999999999999999,
        0.9996254199291515,
        0.999836417415571,
        0.9998767863628437,
        0.9998111205073784
      ],
      [
        0.9992470843897159,
        0.9996254199291515,
        1.0,
        0.9994318208648231,
        0.9996809127779384,
        0.9996721059075176
      ],
      [
        0.9991850739056732,
        0.999836417415571,
        0.9994318208648231,
        1.0000000000000002,
        0.9999380712908965,
        0.9998386662663856
      ],
      [
        0.9991843407919152,
        0.9998767863628437,
        0.9996809127779384,
        0.9999380712908965,
        1.0000000000000002,
        0.9999702935328428
      ],
      [
        0.9990067869386583,
        0.9998111205073784,
        0.9996721059075176,
        0.9998386662663856,
        0.9999702935328428,
        0.9999999999999999
      ]
    ],
    [
      [
        1.0,
        0.9997827830905697,
        0.9985691319853811,
        0.9984831857648694,
        0.999373351410527,
        0.9993925020626822
      ],
      [
        0.9997827830905697,
        0.9999999999999998,
        0.9994210720927807,
        0.9992853673881898,
        0.9998725775675383,
        0.9998304001731093
      ],
      [
        0.9985691319853811,
        0.9994210720927807,
        1.0000000000000002,
        0.9998722878294822,
        0.9996570037313236,
        0.9995252023612726
      ],
      [
        0.9984831857648694,
        0.9992853673881898,
        0.9998722878294822,
        1.0000000000000002,
        0.9995883285900284,
        0.9995651154090395
      ],
      [
        0.999373351410527,
        0.9998725775675383,
        0.9996570037313236,
        0.9995883285900284,
        1.0000000000000002,
        0.9999711172440955
      ],
      [
        0.9993925020626822,
        0.9998304001731093,
        0.9995252023612726,
        0.9995651154090395,
        0.9999711172440955,
        1.0000000000000002
      ]
    ],
    [
      [
        1.0,
        0.9997827830905697,
        0.9985691319853811,
        0.9984831857648694,
        0.999356371688492,
        0.9993925020626822
      ],
      [
        0.9997827830905697,
        0.9999999999999998,
        0.9994210720927807,
        0.9992853673881898,
        0.9998693074211977,
        0.9998304001731093
      ],
      [
        0.9985691319853811,
        0.9994210720927807,
        1.0000000000000002,
        0.9998722878294822,
        0.9996823180615451,
        0.9995252023612726
      ],
      [
        0.9984831857648694,
        0.9992853673881898,
        0.9998722878294822,
        1.0000000000000002,
        0.9996067563160271,
        0.9995651154090395
      ],
      [
        0.999356371688492,
        0.9998693074211977,
        0.9996823180615451,
        0.9996067563160271,
        1.0,
        0.9999646492460253
      ],
      [
        0.9993925020626822,
        0.9998304001731093,
        0.9995252023612726,
        0.9995651154090395,
        0.9999646492460253,
        1.0000000000000002
      ]
    ],
    [
      [
        1.0,
        0.9997827830905697,
        0.9985691319853811,
        0.9984831857648694,
        0.999356371688492,
        0.9993925020626822
      ],
      [
        0.9997827830905697,
        0.9999999999999998,
        0.9994210720927807,
        0.9992853673881898,
        0.9998693074211977,
        0.9998304001731093
      ],
      [
        0.9985691319853811,
        0.9994210720927807,
        1.0000000000000002,
        0.9998722878294822,
        0.9996823180615451,
        0.9995252023612726
      ],
      [
        0.9984831857648694,
        0.9992853673881898,
        0.9998722878294822,
        1.0000000000000002,
        0.9996067563160271,
        0.9995651154090395
      ],
      [
        0.999356371688492,
        0.9998693074211977,
        0.9996823180615451,
        0.9996067563160271,
        1.0,
        0.9999646492460253
      ],
      [
        0.9993925020626822,
        0.9998304001731093,
        0.9995252023612726,
        0.9995651154090395,
        0.9999646492460253,
        1.0000000000000002
      ]
    ],
    [
      [
        1.0,
        0.9997827830905697,
        0.9985691319853811,
        0.9984831857648694,
        0.999356371688492,
        0.9993925020626822
      ],
      [
        0.9997827830905697,
        0.9999999999999998,
        0.9994210720927807,
        0.9992853673881898,
        0.9998693074211977,
        0.9998304001731093
      ],
      [
        0.9985691319853811,
        0.9994210720927807,
        1.0000000000000002,
        0.9998722878294822,
        0.9996823180615451,
        0.9995252023612726
      ],
      [
        0.9984831857648694,
        0.9992853673881898,
        0.9998722878294822,
        1.0000000000000002,
        0.9996067563160271,
        0.9995651154090395
      ],
      [
        0.999356371688492,
        0.9998693074211977,
        0.9996823180615451,
        0.9996067563160271,
        1.0,
        0.9999646492460253
      ],
      [
        0.9993925020626822,
        0.9998304001731093,
        0.9995252023612726,
        0.9995651154090395,
        0.9999646492460253,
        1.0000000000000002
      ]
    ]
  ]
}