{
  "num_rounds": 5,
  "cluster_history": [
    {
      "node_0": 0,
      "node_1": 0,
      "node_2": 0,
      "node_3": 1,
      "node_4": 1,
      "node_5": 1
    },
    {
      "node_0": 0,
      "node_1": 1,
      "node_2": 0,
      "node_3": 0,
      "node_4": 1,
      "node_5": 0
    },
    {
      "node_0": 1,
      "node_1": 1,
      "node_2": 0,
      "node_3": 0,
      "node_4": 0,
      "node_5": 1
    },
    {
      "node_0": 1,
      "node_1": 1,
      "node_2": 0,
      "node_3": 1,
      "node_4": 1,
      "node_5": 0
    },
    {
      "node_0": 0,
      "node_1": 0,
      "node_2": 1,
      "node_3": 1,
      "node_4": 1,
      "node_5": 0
    }
  ],
  "reward_history": [
    881.5716668202543,
    594.6047922551238,
    429.10369013653894,
    429.10369013653894,
    429.10369013653894
  ],
  "queue_history": [
    0.6191666666666666,
    1.5998333333333334,
    2.205833333333334,
    2.205833333333334,
    2.205833333333334
  ],
  "wait_history": [
    13.341549572649575,
    13.5264,
    13.723733333333334,
    13.723733333333334,
    13.723733333333334
  ],
  "throughput_history": [
    0.8196824786324787,
    0.8186666666666668,
    0.8186666666666667,
    0.8186666666666667,
    0.8186666666666667
  ],
  "transitions": [
    {
      "round": 1,
      "transitions": {}
    },
    {
      "round": 2,
      "transitions": {
        "node_1": {
          "from": 0,
          "to": 1
        },
        "node_3": {
          "from": 1,
          "to": 0
        },
        "node_5": {
          "from": 1,
          "to": 0
        }
      }
    },
    {
      "round": 3,
      "transitions": {
        "node_0": {
          "from": 0,
          "to": 1
        },
        "node_4": {
          "from": 1,
          "to": 0
        },
        "node_5": {
          "from": 0,
          "to": 1
        }
      }
    },
    {
      "round": 4,
      "transitions": {
        "node_3": {
          "from": 0,
          "to": 1
        },
        "node_4": {
          "from": 0,
          "to": 1
        },
        "node_5": {
          "from": 1,
          "to": 0
        }
      }
    },
    {
      "round": 5,
      "transitions": {
        "node_0": {
          "from": 1,
          "to": 0
        },
        "node_1": {
          "from": 1,
          "to": 0
        },
        "node_2": {
          "from": 0,
          "to": 1
        }
      }
    }
  ],
  "fingerprints": [
    {
      "node_0": [
        13.2992,
        0.692,
        0.8224,
        4.0,
        0.0,
        1.0
      ],
      "node_1": [
        13.1456,
        0.509,
        0.816,
        3.0,
        0.0,
        0.5
      ],
      "node_2": [
        12.810897435897436,
        0.722,
        0.8092948717948718,
        5.0,
        0.0,
        0.0
      ],
      "node_3": [
        13.0608,
        0.582,
        0.8256,
        5.0,
        0.0,
        0.0
      ],
      "node_4": [
        12.9248,
        0.648,
        0.8384,
        4.0,
        0.0,
        0.0
      ],
      "node_5": [
        14.808,
        0.562,
        0.8064,
        4.0,
        0.0,
        0.0
      ]
    },
    {
      "node_0": [
        14.2896,
        2.228,
        0.816,
        5.0,
        0.0,
        1.0
      ],
      "node_1": [
        12.6896,
        0.59,
        0.808,
        3.0,
        0.0,
        0.5
      ],
      "node_2": [
        13.1728,
        1.837,
        0.8256,
        5.0,
        0.0,
        0.0
      ],
      "node_3": [
        12.9872,
        2.476,
        0.824,
        5.0,
        0.0,
        0.0
      ],
      "node_4": [
        12.9008,
        0.604,
        0.8352,
        5.0,
        0.0,
        0.0
      ],
      "node_5": [
        15.1184,
        1.864,
        0.8032,
        5.0,
        0.0,
        0.0
      ]
    },
    {
      "node_0": [
        14.2896,
        2.228,
        0.816,
        5.0,
        0.0,
        1.0
      ],
      "node_1": [
        13.8304,
        2.553,
        0.8112,
        5.0,
        0.0,
        0.5
      ],
      "node_2": [
        13.1728,
        1.837,
        0.8256,
        5.0,
        0.0,
        0.0
      ],
      "node_3": [
        12.9872,
        2.476,
        0.824,
        5.0,
        0.0,
        0.0
      ],
      "node_4": [
        12.944,
        2.277,
        0.832,
        5.0,
        0.0,
        0.0
      ],
      "node_5": [
        15.1184,
        1.864,
        0.8032,
        5.0,
        0.0,
        0.0
      ]
    },
    {
      "node_0": [
        14.2896,
        2.228,
        0.816,
        5.0,
        0.0,
        1.0
      ],
      "node_1": [
        13.8304,
        2.553,
        0.8112,
        5.0,
        0.0,
        0.5
      ],
      "node_2": [
        13.1728,
        1.837,
        0.8256,
        5.0,
        0.0,
        0.0
      ],
      "node_3": [
        12.9872,
        2.476,
        0.824,
        5.0,
        0.0,
        0.0
      ],
      "node_4": [
        12.944,
        2.277,
        0.832,
        5.0,
        0.0,
        0.0
      ],
      "node_5": [
        15.1184,
        1.864,
        0.8032,
        5.0,
        0.0,
        0.0
      ]
    },
    {
      "node_0": [
        14.2896,
        2.228,
        0.816,
        5.0,
        0.0,
        1.0
      ],
      "node_1": [
        13.8304,
        2.553,
        0.8112,
        5.0,
        0.0,
        0.5
      ],
      "node_2": [
        13.1728,
        1.837,
        0.8256,
        5.0,
        0.0,
        0.0
      ],
      "node_3": [
        12.9872,
        2.476,
        0.824,
        5.0,
        0.0,
        0.0
      ],
      "node_4": [
        12.944,
        2.277,
        0.832,
        5.0,
        0.0,
        0.0
      ],
      "node_5": [
        15.1184,
        1.864,
        0.8032,
        5.0,
        0.0,
        0.0
      ]
    }
  ],
  "similarity_matrices": [
    [
      [
        1.0,
        0.9970481247823426,
        0.9942627779442562,
        0.9947251812332558,
        0.997395826514169,
        0.9969267497353385
      ],
      [
        0.9970481247823426,
        1.0,
        0.988382308513777,
        0.9894077869580173,
        0.9964139155666571,
        0.9985105143248384
      ],
      [
        0.9942627779442562,
        0.988382308513777,
        0.9999999999999998,
        0.9999202101334408,
        0.9974113201365257,
        0.9940290616069118
      ],
      [
        0.9947251812332558,
        0.9894077869580173,
        0.9999202101334408,
        0.9999999999999999,
        0.9978452868112593,
        0.9948153884169691
      ],
      [
        0.997395826514169,
        0.9964139155666571,
        0.9974113201365257,
        0.9978452868112593,
        1.0000000000000002,
        0.9992379489631742
      ],
      [
        0.9969267497353385,
        0.9985105143248384,
        0.9940290616069118,
        0.9948153884169691,
        0.9992379489631742,
        1.0000000000000002
      ]
    ],
    [
      [
        0.9999999999999999,
        0.9891934578880741,
        0.9973967633832562,
        0.9969559676813342,
        0.9920932440031713,
        0.9972921239450252
      ],
      [
        0.9891934578880741,
        1.0000000000000002,
        0.9873139939373063,
        0.9817939373569602,
        0.9898765933279533,
        0.9929097458833515
      ],
      [
        0.9973967633832562,
        0.9873139939373063,
        1.0,
        0.9989150482050839,
        0.9962890777713612,
        0.9989588584521584
      ],
      [
        0.9969559676813342,
        0.9817939373569602,
        0.9989150482050839,
        0.9999999999999999,
        0.991267600094208,
        0.9970714339605146
      ],
      [
        0.9920932440031713,
        0.9898765933279533,
        0.9962890777713612,
        0.991267600094208,
        1.0000000000000002,
        0.9960467103245728
      ],
      [
        0.9972921239450252,
        0.9929097458833515,
        0.9989588584521584,
        0.9970714339605146,
        0.9960467103245728,
        1.0
      ]
    ],
    [
      [
        0.9999999999999999,
        0.9991145660988737,
        0.9973967633832562,
        0.9969559676813342,
        0.9972265749758605,
        0.9972921239450252
      ],
      [
        0.9991145660988737,
        0.9999999999999999,
        0.9984229520236934,
        0.9992195038436664,
        0.9991585560869742,
        0.997536458250563
      ],
      [
        0.9973967633832562,
        0.9984229520236934,
        1.0,
        0.9989150482050839,
        0.9994402077118363,
        0.9989588584521584
      ],
      [
        0.9969559676813342,
        0.9992195038436664,
        0.9989150482050839,
        0.9999999999999999,
        0.9999091264512978,
        0.9970714339605146
      ],
      [
        0.9972265749758605,
        0.9991585560869742,
        0.9994402077118363,
        0.9999091264512978,
        0.9999999999999999,
        0.9977154977419241
      ],
      [
        0.9972921239450252,
        0.997536458250563,
        0.9989588584521584,
        0.9970714339605146,
        0.9977154977419241,
        1.0
      ]
    ],
    [
      [
        0.9999999999999999,
        0.9991145660988737,
        0.9973967633832562,
        0.9969559676813342,
        0.9972265749758605,
        0.9972921239450252
      ],
      [
        0.9991145660988737,
        0.9999999999999999,
        0.9984229520236934,
        0.9992195038436664,
        0.9991585560869742,
        0.997536458250563
      ],
      [
        0.9973967633832562,
        0.9984229520236934,
        1.0,
        0.9989150482050839,
        0.9994402077118363,
        0.9989588584521584
      ],
      [
        0.9969559676813342,
        0.9992195038436664,
        0.9989150482050839,
        0.9999999999999999,
        0.9999091264512978,
        0.9970714339605146
      ],
      [
        0.9972265749758605,
        0.9991585560869742,
        0.9994402077118363,
        0.9999091264512978,
        0.9999999999999999,
        0.9977154977419241
      ],
      [
        0.9972921239450252,
        0.997536458250563,
        0.9989588584521584,
        0.9970714339605146,
        0.9977154977419241,
        1.0
      ]
    ],
    [
      [
        0.9999999999999999,
        0.9991145660988737,
        0.9973967633832562,
        0.9969559676813342,
        0.9972265749758605,
        0.9972921239450252
      ],
      [
        0.9991145660988737,
        0.9999999999999999,
        0.9984229520236934,
        0.9992195038436664,
        0.9991585560869742,
        0.997536458250563
      ],
      [
        0.9973967633832562,
        0.9984229520236934,
        1.0,
        0.9989150482050839,
        0.9994402077118363,
        0.9989588584521584
      ],
      [
        0.9969559676813342,
        0.9992195038436664,
        0.9989150482050839,
        0.9999999999999999,
        0.9999091264512978,
        0.9970714339605146
      ],
      [
        0.9972265749758605,
        0.9991585560869742,
        0.9994402077118363,
        0.9999091264512978,
        0.9999999999999999,
        0.9977154977419241
      ],
      [
        0.9972921239450252,
        0.997536458250563,
        0.9989588584521584,
        0.9970714339605146,
        0.9977154977419241,
        1.0
      ]
    ]
  ]
}