{
  "num_rounds": 10,
  "cluster_history": [
    {
      "node_0": 0,
      "node_1": 0,
      "node_2": 0,
      "node_3": 1,
      "node_4": 1,
      "node_5": 1
    },
    {
      "node_0": 1,
      "node_1": 1,
      "node_2": 1,
      "node_3": 0,
      "node_4": 0,
      "node_5": 0
    },
    {
      "node_0": 1,
      "node_1": 1,
      "node_2": 0,
      "node_3": 0,
      "node_4": 0,
      "node_5": 0
    },
    {
      "node_0": 1,
      "node_1": 1,
      "node_2": 0,
      "node_3": 0,
      "node_4": 0,
      "node_5": 0
    },
    {
      "node_0": 0,
      "node_1": 0,
      "node_2": 0,
      "node_3": 1,
      "node_4": 1,
      "node_5": 1
    },
    {
      "node_0": 0,
      "node_1": 0,
      "node_2": 1,
      "node_3": 1,
      "node_4": 1,
      "node_5": 1
    },
    {
      "node_0": 0,
      "node_1": 0,
      "node_2": 0,
      "node_3": 1,
      "node_4": 1,
      "node_5": 1
    },
    {
      "node_0": 0,
      "node_1": 0,
      "node_2": 1,
      "node_3": 1,
      "node_4": 1,
      "node_5": 1
    },
    {
      "node_0": 1,
      "node_1": 1,
      "node_2": 0,
      "node_3": 0,
      "node_4": 0,
      "node_5": 0
    },
    {
      "node_0": 1,
      "node_1": 1,
      "node_2": 1,
      "node_3": 1,
      "node_4": 0,
      "node_5": 0
    }
  ],
  "transitions": [
    {
      "round": 1,
      "transitions": {}
    },
    {
      "round": 2,
      "transitions": {
        "node_0": {
          "from": 0,
          "to": 1
        },
        "node_1": {
          "from": 0,
          "to": 1
        },
        "node_2": {
          "from": 0,
          "to": 1
        },
        "node_3": {
          "from": 1,
          "to": 0
        },
        "node_4": {
          "from": 1,
          "to": 0
        },
        "node_5": {
          "from": 1,
          "to": 0
        }
      }
    },
    {
      "round": 3,
      "transitions": {
        "node_2": {
          "from": 1,
          "to": 0
        }
      }
    },
    {
      "round": 4,
      "transitions": {}
    },
    {
      "round": 5,
      "transitions": {
        "node_0": {
          "from": 1,
          "to": 0
        },
        "node_1": {
          "from": 1,
          "to": 0
        },
        "node_3": {
          "from": 0,
          "to": 1
        },
        "node_4": {
          "from": 0,
          "to": 1
        },
        "node_5": {
          "from": 0,
          "to": 1
        }
      }
    },
    {
      "round": 6,
      "transitions": {
        "node_2": {
          "from": 0,
          "to": 1
        }
      }
    },
    {
      "round": 7,
      "transitions": {
        "node_2": {
          "from": 1,
          "to": 0
        }
      }
    },
    {
      "round": 8,
      "transitions": {
        "node_2": {
          "from": 0,
          "to": 1
        }
      }
    },
    {
      "round": 9,
      "transitions": {
        "node_0": {
          "from": 0,
          "to": 1
        },
        "node_1": {
          "from": 0,
          "to": 1
        },
        "node_2": {
          "from": 1,
          "to": 0
        },
        "node_3": {
          "from": 1,
          "to": 0
        },
        "node_4": {
          "from": 1,
          "to": 0
        },
        "node_5": {
          "from": 1,
          "to": 0
        }
      }
    },
    {
      "round": 10,
      "transitions": {
        "node_2": {
          "from": 0,
          "to": 1
        },
        "node_3": {
          "from": 0,
          "to": 1
        }
      }
    }
  ],
  "fingerprints": [
    {
      "node_0": [
        14.695187165775401,
        0.245,
        0.5668449197860963,
        2.0,
        0.0,
        1.0
      ],
      "node_1": [
        14.695187165775401,
        0.765,
        0.5133689839572193,
        4.0,
        0.0,
        0.5
      ],
      "node_2": [
        11.144385026737968,
        0.4375,
        0.5721925133689839,
        4.0,
        0.0,
        0.0
      ],
      "node_3": [
        12.6524064171123,
        0.355,
        0.5828877005347594,
        2.0,
        0.0,
        0.0
      ],
      "node_4": [
        12.553763440860216,
        0.19,
        0.5806451612903226,
        2.0,
        0.0,
        0.0
      ],
      "node_5": [
        10.67379679144385,
        0.425,
        0.5508021390374331,
        4.0,
        0.0,
        0.0
      ]
    },
    {
      "node_0": [
        16.577540106951872,
        1.455,
        0.5347593582887701,
        4.0,
        0.0,
        1.0
      ],
      "node_1": [
        16.818181818181817,
        1.3225,
        0.5080213903743316,
        4.0,
        0.0,
        0.5
      ],
      "node_2": [
        12.283422459893048,
        2.08,
        0.5454545454545454,
        5.0,
        0.0,
        0.0
      ],
      "node_3": [
        13.636363636363637,
        1.5425,
        0.5721925133689839,
        4.0,
        0.0,
        0.0
      ],
      "node_4": [
        12.338709677419354,
        0.3975,
        0.5698924731182796,
        2.0,
        0.0,
        0.0
      ],
      "node_5": [
        10.390374331550802,
        0.54,
        0.5508021390374331,
        4.0,
        0.0,
        0.0
      ]
    },
    {
      "node_0": [
        16.577540106951872,
        1.455,
        0.5347593582887701,
        4.0,
        0.0,
        1.0
      ],
      "node_1": [
        16.818181818181817,
        1.3225,
        0.5080213903743316,
        4.0,
        0.0,
        0.5
      ],
      "node_2": [
        12.283422459893048,
        2.08,
        0.5454545454545454,
        5.0,
        0.0,
        0.0
      ],
      "node_3": [
        13.636363636363637,
        1.5425,
        0.5721925133689839,
        4.0,
        0.0,
        0.0
      ],
      "node_4": [
        12.338709677419354,
        0.3975,
        0.5698924731182796,
        2.0,
        0.0,
        0.0
      ],
      "node_5": [
        10.390374331550802,
        0.54,
        0.5508021390374331,
        4.0,
        0.0,
        0.0
      ]
    },
    {
      "node_0": [
        16.577540106951872,
        1.455,
        0.5347593582887701,
        4.0,
        0.0,
        1.0
      ],
      "node_1": [
        16.818181818181817,
        1.3225,
        0.5080213903743316,
        4.0,
        0.0,
        0.5
      ],
      "node_2": [
        12.283422459893048,
        2.08,
        0.5454545454545454,
        5.0,
        0.0,
        0.0
      ],
      "node_3": [
        13.636363636363637,
        1.5425,
        0.5721925133689839,
        4.0,
        0.0,
        0.0
      ],
      "node_4": [
        12.338709677419354,
        0.3975,
        0.5698924731182796,
        2.0,
        0.0,
        0.0
      ],
      "node_5": [
        10.390374331550802,
        0.54,
        0.5508021390374331,
        4.0,
        0.0,
        0.0
      ]
    },
    {
      "node_0": [
        16.577540106951872,
        1.455,
        0.5347593582887701,
        4.0,
        0.0,
        1.0
      ],
      "node_1": [
        16.818181818181817,
        1.3225,
        0.5080213903743316,
        4.0,
        0.0,
        0.5
      ],
      "node_2": [
        12.283422459893048,
        2.08,
        0.5454545454545454,
        5.0,
        0.0,
        0.0
      ],
      "node_3": [
        13.636363636363637,
        1.5425,
        0.5721925133689839,
        4.0,
        0.0,
        0.0
      ],
      "node_4": [
        12.338709677419354,
        0.3975,
        0.5698924731182796,
        2.0,
        0.0,
        0.0
      ],
      "node_5": [
        10.390374331550802,
        0.54,
        0.5508021390374331,
        4.0,
        0.0,
        0.0
      ]
    },
    {
      "node_0": [
        16.577540106951872,
        1.455,
        0.5347593582887701,
        4.0,
        0.0,
        1.0
      ],
      "node_1": [
        16.818181818181817,
        1.3225,
        0.5080213903743316,
        4.0,
        0.0,
        0.5
      ],
      "node_2": [
        12.283422459893048,
        2.08,
        0.5454545454545454,
        5.0,
        0.0,
        0.0
      ],
      "node_3": [
        13.636363636363637,
        1.5425,
        0.5721925133689839,
        4.0,
        0.0,
        0.0
      ],
      "node_4": [
        12.338709677419354,
        0.3975,
        0.5698924731182796,
        2.0,
        0.0,
        0.0
      ],
      "node_5": [
        10.390374331550802,
        0.54,
        0.5508021390374331,
        4.0,
        0.0,
        0.0
      ]
    },
    {
      "node_0": [
        16.577540106951872,
        1.455,
        0.5347593582887701,
        4.0,
        0.0,
        1.0
      ],
      "node_1": [
        16.818181818181817,
        1.3225,
        0.5080213903743316,
        4.0,
        0.0,
        0.5
      ],
      "node_2": [
        12.283422459893048,
        2.08,
        0.5454545454545454,
        5.0,
        0.0,
        0.0
      ],
      "node_3": [
        13.636363636363637,
        1.5425,
        0.5721925133689839,
        4.0,
        0.0,
        0.0
      ],
      "node_4": [
        12.338709677419354,
        0.3975,
        0.5698924731182796,
        2.0,
        0.0,
        0.0
      ],
      "node_5": [
        10.390374331550802,
        0.54,
        0.5508021390374331,
        4.0,
        0.0,
        0.0
      ]
    },
    {
      "node_0": [
        16.577540106951872,
        1.455,
        0.5347593582887701,
        4.0,
        0.0,
        1.0
      ],
      "node_1": [
        16.818181818181817,
        1.3225,
        0.5080213903743316,
        4.0,
        0.0,
        0.5
      ],
      "node_2": [
        12.283422459893048,
        2.08,
        0.5454545454545454,
        5.0,
        0.0,
        0.0
      ],
      "node_3": [
        13.636363636363637,
        1.5425,
        0.5721925133689839,
        4.0,
        0.0,
        0.0
      ],
      "node_4": [
        12.338709677419354,
        0.3975,
        0.5698924731182796,
        2.0,
        0.0,
        0.0
      ],
      "node_5": [
        10.390374331550802,
        0.54,
        0.5508021390374331,
        4.0,
        0.0,
        0.0
      ]
    },
    {
      "node_0": [
        16.577540106951872,
        1.455,
        0.5347593582887701,
        4.0,
        0.0,
        1.0
      ],
      "node_1": [
        16.818181818181817,
        1.3225,
        0.5080213903743316,
        4.0,
        0.0,
        0.5
      ],
      "node_2": [
        12.283422459893048,
        2.08,
        0.5454545454545454,
        5.0,
        0.0,
        0.0
      ],
      "node_3": [
        13.636363636363637,
        1.5425,
        0.5721925133689839,
        4.0,
        0.0,
        0.0
      ],
      "node_4": [
        12.338709677419354,
        0.3975,
        0.5698924731182796,
        2.0,
        0.0,
        0.0
      ],
      "node_5": [
        10.390374331550802,
        0.54,
        0.5508021390374331,
        4.0,
        0.0,
        0.0
      ]
    },
    {
      "node_0": [
        16.577540106951872,
        1.455,
        0.5347593582887701,
        4.0,
        0.0,
        1.0
      ],
      "node_1": [
        16.818181818181817,
        1.3225,
        0.5080213903743316,
        4.0,
        0.0,
        0.5
      ],
      "node_2": [
        12.283422459893048,
        2.08,
        0.5454545454545454,
        5.0,
        0.0,
        0.0
      ],
      "node_3": [
        13.636363636363637,
        1.5425,
        0.5721925133689839,
        4.0,
        0.0,
        0.0
      ],
      "node_4": [
        12.338709677419354,
        0.3975,
        0.5698924731182796,
        2.0,
        0.0,
        0.0
      ],
      "node_5": [
        10.390374331550802,
        0.54,
        0.5508021390374331,
        4.0,
        0.0,
        0.0
      ]
    }
  ],
  "similarity_matrices": [
    [
      [
        1.0,
        0.9903745052072125,
        0.9757579475286894,
        0.9974195218258508,
        0.9974525397310317,
        0.9727728442522001
      ],
      [
        0.9903745052072125,
        1.0,
        0.9961757265306453,
        0.9932312407229206,
        0.992990604395003,
        0.9949897826203731
      ],
      [
        0.9757579475286894,
        0.9961757265306453,
        0.9999999999999999,
        0.982423014043169,
        0.9824450076644605,
        0.9999030415190453
      ],
      [
        0.9974195218258508,
        0.9932312407229206,
        0.982423014043169,
        1.0000000000000002,
        0.9999179941307641,
        0.9797291402434424
      ],
      [
        0.9974525397310317,
        0.992990604395003,
        0.9824450076644605,
        0.9999179941307641,
        1.0000000000000002,
        0.9797626847650337
      ],
      [
        0.9727728442522001,
        0.9949897826203731,
        0.9999030415190453,
        0.9797291402434424,
        0.9797626847650337,
        1.0000000000000002
      ]
    ],
    [
      [
        0.9999999999999999,
        0.9995190519466682,
        0.9847901470661321,
        0.9968324713600981,
        0.9939093890594546,
        0.9890037390706199
      ],
      [
        0.9995190519466682,
        1.0,
        0.9848912909341591,
        0.9976947390065996,
        0.9958268642044459,
        0.9900876737198574
      ],
      [
        0.9847901470661321,
        0.9848912909341591,
        0.9999999999999999,
        0.9938550092482986,
        0.9673150551940567,
        0.9940633837961481
      ],
      [
        0.9968324713600981,
        0.9976947390065996,
        0.9938550092482986,
        0.9999999999999998,
        0.9893847173125073,
        0.9948383875910005
      ],
      [
        0.9939093890594546,
        0.9958268642044459,
        0.9673150551940567,
        0.9893847173125073,
        0.9999999999999998,
        0.9786326377654746
      ],
      [
        0.9890037390706199,
        0.9900876737198574,
        0.9940633837961481,
        0.9948383875910005,
        0.9786326377654746,
        1.0000000000000002
      ]
    ],
    [
      [
        0.9999999999999999,
        0.9995190519466682,
        0.9847901470661321,
        0.9968324713600981,
        0.9939093890594546,
        0.9890037390706199
      ],
      [
        0.9995190519466682,
        1.0,
        0.9848912909341591,
        0.9976947390065996,
        0.9958268642044459,
        0.9900876737198574
      ],
      [
        0.9847901470661321,
        0.9848912909341591,
        0.9999999999999999,
        0.9938550092482986,
        0.9673150551940567,
        0.9940633837961481
      ],
      [
        0.9968324713600981,
        0.9976947390065996,
        0.9938550092482986,
        0.9999999999999998,
        0.9893847173125073,
        0.9948383875910005
      ],
      [
        0.9939093890594546,
        0.9958268642044459,
        0.9673150551940567,
        0.9893847173125073,
        0.9999999999999998,
        0.9786326377654746
      ],
      [
        0.9890037390706199,
        0.9900876737198574,
        0.9940633837961481,
        0.9948383875910005,
        0.9786326377654746,
        1.0000000000000002
      ]
    ],
    [
      [
        0.9999999999999999,
        0.9995190519466682,
        0.9847901470661321,
        0.9968324713600981,
        0.9939093890594546,
        0.9890037390706199
      ],
      [
        0.9995190519466682,
        1.0,
        0.9848912909341591,
        0.9976947390065996,
        0.9958268642044459,
        0.9900876737198574
      ],
      [
        0.9847901470661321,
        0.9848912909341591,
        0.9999999999999999,
        0.9938550092482986,
        0.9673150551940567,
        0.9940633837961481
      ],
      [
        0.9968324713600981,
        0.9976947390065996,
        0.9938550092482986,
        0.9999999999999998,
        0.9893847173125073,
        0.9948383875910005
      ],
      [
        0.9939093890594546,
        0.9958268642044459,
        0.9673150551940567,
        0.9893847173125073,
        0.9999999999999998,
        0.9786326377654746
      ],
      [
        0.9890037390706199,
        0.9900876737198574,
        0.9940633837961481,
        0.9948383875910005,
        0.9786326377654746,
        1.0000000000000002
      ]
    ],
    [
      [
        0.9999999999999999,
        0.9995190519466682,
        0.9847901470661321,
        0.9968324713600981,
        0.9939093890594546,
        0.9890037390706199
      ],
      [
        0.9995190519466682,
        1.0,
        0.9848912909341591,
        0.9976947390065996,
        0.9958268642044459,
        0.9900876737198574
      ],
      [
        0.9847901470661321,
        0.9848912909341591,
        0.9999999999999999,
        0.9938550092482986,
        0.9673150551940567,
        0.9940633837961481
      ],
      [
        0.9968324713600981,
        0.9976947390065996,
        0.9938550092482986,
        0.9999999999999998,
        0.9893847173125073,
        0.9948383875910005
      ],
      [
        0.9939093890594546,
        0.9958268642044459,
        0.9673150551940567,
        0.9893847173125073,
        0.9999999999999998,
        0.9786326377654746
      ],
      [
        0.9890037390706199,
        0.9900876737198574,
        0.9940633837961481,
        0.9948383875910005,
        0.9786326377654746,
        1.0000000000000002
      ]
    ],
    [
      [
        0.9999999999999999,
        0.9995190519466682,
        0.9847901470661321,
        0.9968324713600981,
        0.9939093890594546,
        0.9890037390706199
      ],
      [
        0.9995190519466682,
        1.0,
        0.9848912909341591,
        0.9976947390065996,
        0.9958268642044459,
        0.9900876737198574
      ],
      [
        0.9847901470661321,
        0.9848912909341591,
        0.9999999999999999,
        0.9938550092482986,
        0.9673150551940567,
        0.9940633837961481
      ],
      [
        0.9968324713600981,
        0.9976947390065996,
        0.9938550092482986,
        0.9999999999999998,
        0.9893847173125073,
        0.9948383875910005
      ],
      [
        0.9939093890594546,
        0.9958268642044459,
        0.9673150551940567,
        0.9893847173125073,
        0.9999999999999998,
        0.9786326377654746
      ],
      [
        0.9890037390706199,
        0.9900876737198574,
        0.9940633837961481,
        0.9948383875910005,
        0.9786326377654746,
        1.0000000000000002
      ]
    ],
    [
      [
        0.9999999999999999,
        0.9995190519466682,
        0.9847901470661321,
        0.9968324713600981,
        0.9939093890594546,
        0.9890037390706199
      ],
      [
        0.9995190519466682,
        1.0,
        0.9848912909341591,
        0.9976947390065996,
        0.9958268642044459,
        0.9900876737198574
      ],
      [
        0.9847901470661321,
        0.9848912909341591,
        0.9999999999999999,
        0.9938550092482986,
        0.9673150551940567,
        0.9940633837961481
      ],
      [
        0.9968324713600981,
        0.9976947390065996,
        0.9938550092482986,
        0.9999999999999998,
        0.9893847173125073,
        0.9948383875910005
      ],
      [
        0.9939093890594546,
        0.9958268642044459,
        0.9673150551940567,
        0.9893847173125073,
        0.9999999999999998,
        0.9786326377654746
      ],
      [
        0.9890037390706199,
        0.9900876737198574,
        0.9940633837961481,
        0.9948383875910005,
        0.9786326377654746,
        1.0000000000000002
      ]
    ],
    [
      [
        0.9999999999999999,
        0.9995190519466682,
        0.9847901470661321,
        0.9968324713600981,
        0.9939093890594546,
        0.9890037390706199
      ],
      [
        0.9995190519466682,
        1.0,
        0.9848912909341591,
        0.9976947390065996,
        0.9958268642044459,
        0.9900876737198574
      ],
      [
        0.9847901470661321,
        0.9848912909341591,
        0.9999999999999999,
        0.9938550092482986,
        0.9673150551940567,
        0.9940633837961481
      ],
      [
        0.9968324713600981,
        0.9976947390065996,
        0.9938550092482986,
        0.9999999999999998,
        0.9893847173125073,
        0.9948383875910005
      ],
      [
        0.9939093890594546,
        0.9958268642044459,
        0.9673150551940567,
        0.9893847173125073,
        0.9999999999999998,
        0.9786326377654746
      ],
      [
        0.9890037390706199,
        0.9900876737198574,
        0.9940633837961481,
        0.9948383875910005,
        0.9786326377654746,
        1.0000000000000002
      ]
    ],
    [
      [
        0.9999999999999999,
        0.9995190519466682,
        0.9847901470661321,
        0.9968324713600981,
        0.9939093890594546,
        0.9890037390706199
      ],
      [
        0.9995190519466682,
        1.0,
        0.9848912909341591,
        0.9976947390065996,
        0.9958268642044459,
        0.9900876737198574
      ],
      [
        0.9847901470661321,
        0.9848912909341591,
        0.9999999999999999,
        0.9938550092482986,
        0.9673150551940567,
        0.9940633837961481
      ],
      [
        0.9968324713600981,
        0.9976947390065996,
        0.9938550092482986,
        0.9999999999999998,
        0.9893847173125073,
        0.9948383875910005
      ],
      [
        0.9939093890594546,
        0.9958268642044459,
        0.9673150551940567,
        0.9893847173125073,
        0.9999999999999998,
        0.9786326377654746
      ],
      [
        0.9890037390706199,
        0.9900876737198574,
        0.9940633837961481,
        0.9948383875910005,
        0.9786326377654746,
        1.0000000000000002
      ]
    ],
    [
      [
        0.9999999999999999,
        0.9995190519466682,
        0.9847901470661321,
        0.9968324713600981,
        0.9939093890594546,
        0.9890037390706199
      ],
      [
        0.9995190519466682,
        1.0,
        0.9848912909341591,
        0.9976947390065996,
        0.9958268642044459,
        0.9900876737198574
      ],
      [
        0.9847901470661321,
        0.9848912909341591,
        0.9999999999999999,
        0.9938550092482986,
        0.9673150551940567,
        0.9940633837961481
      ],
      [
        0.9968324713600981,
        0.9976947390065996,
        0.9938550092482986,
        0.9999999999999998,
        0.9893847173125073,
        0.9948383875910005
      ],
      [
        0.9939093890594546,
        0.9958268642044459,
        0.9673150551940567,
        0.9893847173125073,
        0.9999999999999998,
        0.9786326377654746
      ],
      [
        0.9890037390706199,
        0.9900876737198574,
        0.9940633837961481,
        0.9948383875910005,
        0.9786326377654746,
        1.0000000000000002
      ]
    ]
  ]
}