{
  "num_rounds": 5,
  "cluster_history": [
    {
      "node_0": 0,
      "node_1": 0,
      "node_2": 0,
      "node_3": 1,
      "node_4": 1,
      "node_5": 1
    },
    {
      "node_0": 1,
      "node_1": 1,
      "node_2": 1,
      "node_3": 0,
      "node_4": 0,
      "node_5": 1
    },
    {
      "node_0": 1,
      "node_1": 0,
      "node_2": 1,
      "node_3": 0,
      "node_4": 0,
      "node_5": 1
    },
    {
      "node_0": 1,
      "node_1": 1,
      "node_2": 0,
      "node_3": 1,
      "node_4": 0,
      "node_5": 0
    },
    {
      "node_0": 0,
      "node_1": 0,
      "node_2": 0,
      "node_3": 1,
      "node_4": 1,
      "node_5": 0
    }
  ],
  "reward_history": [
    692.547882864517,
    414.34804990446054,
    349.18120330924586,
    349.18120330924586,
    349.18120330924586
  ],
  "queue_history": [
    0.6666666666666666,
    1.8564583333333333,
    2.1791666666666667,
    2.1791666666666667,
    2.1791666666666667
  ],
  "wait_history": [
    13.303333333333335,
    13.781666666666666,
    13.897321977287907,
    13.897321977287907,
    13.897321977287907
  ],
  "throughput_history": [
    0.7766666666666667,
    0.7633333333333333,
    0.7629205076820308,
    0.7629205076820308,
    0.7629205076820308
  ],
  "transitions": [
    {
      "round": 1,
      "transitions": {}
    },
    {
      "round": 2,
      "transitions": {
        "node_0": {
          "from": 0,
          "to": 1
        },
        "node_1": {
          "from": 0,
          "to": 1
        },
        "node_2": {
          "from": 0,
          "to": 1
        },
        "node_3": {
          "from": 1,
          "to": 0
        },
        "node_4": {
          "from": 1,
          "to": 0
        }
      }
    },
    {
      "round": 3,
      "transitions": {
        "node_1": {
          "from": 1,
          "to": 0
        }
      }
    },
    {
      "round": 4,
      "transitions": {
        "node_1": {
          "from": 0,
          "to": 1
        },
        "node_2": {
          "from": 1,
          "to": 0
        },
        "node_3": {
          "from": 0,
          "to": 1
        },
        "node_5": {
          "from": 1,
          "to": 0
        }
      }
    },
    {
      "round": 5,
      "transitions": {
        "node_0": {
          "from": 1,
          "to": 0
        },
        "node_1": {
          "from": 1,
          "to": 0
        },
        "node_4": {
          "from": 0,
          "to": 1
        }
      }
    }
  ],
  "fingerprints": [
    {
      "node_0": [
        14.912,
        0.63,
        0.766,
        3.0,
        0.0,
        1.0
      ],
      "node_1": [
        13.27,
        0.8025,
        0.772,
        4.0,
        0.0,
        0.5
      ],
      "node_2": [
        12.482,
        0.49125,
        0.768,
        3.0,
        0.0,
        0.0
      ],
      "node_3": [
        12.414,
        0.715,
        0.794,
        4.0,
        0.0,
        0.0
      ],
      "node_4": [
        12.158,
        0.90625,
        0.796,
        4.0,
        0.0,
        0.0
      ],
      "node_5": [
        14.584,
        0.455,
        0.764,
        3.0,
        0.0,
        0.0
      ]
    },
    {
      "node_0": [
        15.366,
        2.07375,
        0.738,
        5.0,
        0.0,
        1.0
      ],
      "node_1": [
        13.272,
        0.665,
        0.764,
        4.0,
        0.0,
        0.5
      ],
      "node_2": [
        13.866,
        1.7975,
        0.754,
        5.0,
        0.0,
        0.0
      ],
      "node_3": [
        13.332,
        2.86875,
        0.776,
        5.0,
        0.0,
        0.0
      ],
      "node_4": [
        12.064,
        1.94875,
        0.79,
        4.0,
        0.0,
        0.0
      ],
      "node_5": [
        14.79,
        1.785,
        0.758,
        5.0,
        0.0,
        0.0
      ]
    },
    {
      "node_0": [
        15.366,
        2.07375,
        0.738,
        5.0,
        0.0,
        1.0
      ],
      "node_1": [
        13.965931863727455,
        2.60125,
        0.7615230460921844,
        5.0,
        0.0,
        0.5
      ],
      "node_2": [
        13.866,
        1.7975,
        0.754,
        5.0,
        0.0,
        0.0
      ],
      "node_3": [
        13.332,
        2.86875,
        0.776,
        5.0,
        0.0,
        0.0
      ],
      "node_4": [
        12.064,
        1.94875,
        0.79,
        4.0,
        0.0,
        0.0
      ],
      "node_5": [
        14.79,
        1.785,
        0.758,
        5.0,
        0.0,
        0.0
      ]
    },
    {
      "node_0": [
        15.366,
        2.07375,
        0.738,
        5.0,
        0.0,
        1.0
      ],
      "node_1": [
        13.965931863727455,
        2.60125,
        0.7615230460921844,
        5.0,
        0.0,
        0.5
      ],
      "node_2": [
        13.866,
        1.7975,
        0.754,
        5.0,
        0.0,
        0.0
      ],
      "node_3": [
        13.332,
        2.86875,
        0.776,
        5.0,
        0.0,
        0.0
      ],
      "node_4": [
        12.064,
        1.94875,
        0.79,
        4.0,
        0.0,
        0.0
      ],
      "node_5": [
        14.79,
        1.785,
        0.758,
        5.0,
        0.0,
        0.0
      ]
    },
    {
      "node_0": [
        15.366,
        2.07375,
        0.738,
        5.0,
        0.0,
        1.0
      ],
      "node_1": [
        13.965931863727455,
        2.60125,
        0.7615230460921844,
        5.0,
        0.0,
        0.5
      ],
      "node_2": [
        13.866,
        1.7975,
        0.754,
        5.0,
        0.0,
        0.0
      ],
      "node_3": [
        13.332,
        2.86875,
        0.776,
        5.0,
        0.0,
        0.0
      ],
      "node_4": [
        12.064,
        1.94875,
        0.79,
        4.0,
        0.0,
        0.0
      ],
      "node_5": [
        14.79,
        1.785,
        0.758,
        5.0,
        0.0,
        0.0
      ]
    }
  ],
  "similarity_matrices": [
    [
      [
        1.0000000000000002,
        0.9950133343202209,
        0.9971132363066142,
        0.9913619479366041,
        0.9903118812629853,
        0.9977866271800699
      ],
      [
        0.9950133343202209,
        1.0000000000000002,
        0.9975463923444254,
        0.9991579459826098,
        0.9989395134939184,
        0.9949587166244617
      ],
      [
        0.9971132363066142,
        0.9975463923444254,
        1.0,
        0.997005871414897,
        0.9961384785603642,
        0.999392581742523
      ],
      [
        0.9913619479366041,
        0.9991579459826098,
        0.997005871414897,
        1.0,
        0.999854280788029,
        0.9937761618883579
      ],
      [
        0.9903118812629853,
        0.9989395134939184,
        0.9961384785603642,
        0.999854280788029,
        1.0,
        0.9925785852115906
      ],
      [
        0.9977866271800699,
        0.9949587166244617,
        0.999392581742523,
        0.9937761618883579,
        0.9925785852115906,
        1.0
      ]
    ],
    [
      [
        1.0000000000000002,
        0.9962394443141782,
        0.9976045138608928,
        0.9946252235908299,
        0.9976821165427282,
        0.9979622533010847
      ],
      [
        0.9962394443141782,
        0.9999999999999998,
        0.9952543248344565,
        0.985903583271101,
        0.9935609568956278,
        0.9966193862092712
      ],
      [
        0.9976045138608928,
        0.9952543248344565,
        1.0,
        0.9969272064035483,
        0.9991423416502896,
        0.999770378430737
      ],
      [
        0.9946252235908299,
        0.985903583271101,
        0.9969272064035483,
        0.9999999999999999,
        0.9981616798815443,
        0.9958652708546656
      ],
      [
        0.9976821165427282,
        0.9935609568956278,
        0.9991423416502896,
        0.9981616798815443,
        0.9999999999999998,
        0.9991654315479148
      ],
      [
        0.9979622533010847,
        0.9966193862092712,
        0.999770378430737,
        0.9958652708546656,
        0.9991654315479148,
        0.9999999999999999
      ]
    ],
    [
      [
        1.0000000000000002,
        0.9981259871159333,
        0.9976045138608928,
        0.9946252235908299,
        0.9976821165427282,
        0.9979622533010847
      ],
      [
        0.9981259871159333,
        0.9999999999999999,
        0.9980880095137973,
        0.9990213085528264,
        0.9988918281670843,
        0.9975142174696882
      ],
      [
        0.9976045138608928,
        0.9980880095137973,
        1.0,
        0.9969272064035483,
        0.9991423416502896,
        0.999770378430737
      ],
      [
        0.9946252235908299,
        0.9990213085528264,
        0.9969272064035483,
        0.9999999999999999,
        0.9981616798815443,
        0.9958652708546656
      ],
      [
        0.9976821165427282,
        0.9988918281670843,
        0.9991423416502896,
        0.9981616798815443,
        0.9999999999999998,
        0.9991654315479148
      ],
      [
        0.9979622533010847,
        0.9975142174696882,
        0.999770378430737,
        0.9958652708546656,
        0.9991654315479148,
        0.9999999999999999
      ]
    ],
    [
      [
        1.0000000000000002,
        0.9981259871159333,
        0.9976045138608928,
        0.9946252235908299,
        0.9976821165427282,
        0.9979622533010847
      ],
      [
        0.9981259871159333,
        0.9999999999999999,
        0.9980880095137973,
        0.9990213085528264,
        0.9988918281670843,
        0.9975142174696882
      ],
      [
        0.9976045138608928,
        0.9980880095137973,
        1.0,
        0.9969272064035483,
        0.9991423416502896,
        0.999770378430737
      ],
      [
        0.9946252235908299,
        0.9990213085528264,
        0.9969272064035483,
        0.9999999999999999,
        0.9981616798815443,
        0.9958652708546656
      ],
      [
        0.9976821165427282,
        0.9988918281670843,
        0.9991423416502896,
        0.9981616798815443,
        0.9999999999999998,
        0.9991654315479148
      ],
      [
        0.9979622533010847,
        0.9975142174696882,
        0.999770378430737,
        0.9958652708546656,
        0.9991654315479148,
        0.9999999999999999
      ]
    ],
    [
      [
        1.0000000000000002,
        0.9981259871159333,
        0.9976045138608928,
        0.9946252235908299,
        0.9976821165427282,
        0.9979622533010847
      ],
      [
        0.9981259871159333,
        0.9999999999999999,
        0.9980880095137973,
        0.9990213085528264,
        0.9988918281670843,
        0.9975142174696882
      ],
      [
        0.9976045138608928,
        0.9980880095137973,
        1.0,
        0.9969272064035483,
        0.9991423416502896,
        0.999770378430737
      ],
      [
        0.9946252235908299,
        0.9990213085528264,
        0.9969272064035483,
        0.9999999999999999,
        0.9981616798815443,
        0.9958652708546656
      ],
      [
        0.9976821165427282,
        0.9988918281670843,
        0.9991423416502896,
        0.9981616798815443,
        0.9999999999999998,
        0.9991654315479148
      ],
      [
        0.9979622533010847,
        0.9975142174696882,
        0.999770378430737,
        0.9958652708546656,
        0.9991654315479148,
        0.9999999999999999
      ]
    ]
  ]
}