{
  "num_rounds": 3,
  "cluster_history": [
    {
      "node_0": 0,
      "node_1": 0,
      "node_2": 0,
      "node_3": 1,
      "node_4": 1,
      "node_5": 1
    },
    {
      "node_0": 0,
      "node_1": 0,
      "node_2": 1,
      "node_3": 1,
      "node_4": 0,
      "node_5": 0
    },
    {
      "node_0": 1,
      "node_1": 1,
      "node_2": 0,
      "node_3": 0,
      "node_4": 1,
      "node_5": 0
    }
  ],
  "reward_history": [
    192.40892866803452,
    172.60439949642094,
    172.60439949642094
  ],
  "queue_history": [
    0.21333333333333335,
    0.45749999999999996,
    0.45749999999999996
  ],
  "wait_history": [
    9.227922672157401,
    9.488179669030734,
    9.488179669030734
  ],
  "throughput_history": [
    0.20881949210706932,
    0.2092389232059788,
    0.2092389232059788
  ],
  "transitions": [
    {
      "round": 1,
      "transitions": {}
    },
    {
      "round": 2,
      "transitions": {
        "node_2": {
          "from": 0,
          "to": 1
        },
        "node_4": {
          "from": 1,
          "to": 0
        },
        "node_5": {
          "from": 1,
          "to": 0
        }
      }
    },
    {
      "round": 3,
      "transitions": {
        "node_0": {
          "from": 0,
          "to": 1
        },
        "node_1": {
          "from": 0,
          "to": 1
        },
        "node_2": {
          "from": 1,
          "to": 0
        },
        "node_3": {
          "from": 1,
          "to": 0
        },
        "node_4": {
          "from": 0,
          "to": 1
        }
      }
    }
  ],
  "fingerprints": [
    {
      "node_0": [
        8.861702127659575,
        0.175,
        0.24468085106382978,
        2.0,
        0.0,
        1.0
      ],
      "node_1": [
        11.67741935483871,
        0.165,
        0.12903225806451613,
        2.0,
        0.0,
        0.5
      ],
      "node_2": [
        9.064516129032258,
        0.075,
        0.1935483870967742,
        2.0,
        0.0,
        0.0
      ],
      "node_3": [
        7.957446808510638,
        0.23,
        0.23404255319148937,
        2.0,
        0.0,
        0.0
      ],
      "node_4": [
        9.548387096774194,
        0.22,
        0.16129032258064516,
        3.0,
        0.0,
        0.0
      ],
      "node_5": [
        8.258064516129032,
        0.415,
        0.2903225806451613,
        2.0,
        0.0,
        0.0
      ]
    },
    {
      "node_0": [
        9.595744680851064,
        0.33,
        0.24468085106382978,
        2.0,
        0.0,
        1.0
      ],
      "node_1": [
        11.763440860215054,
        0.485,
        0.13978494623655913,
        2.0,
        0.0,
        0.5
      ],
      "node_2": [
        9.172043010752688,
        0.43,
        0.1827956989247312,
        3.0,
        0.0,
        0.0
      ],
      "node_3": [
        8.838709677419354,
        0.77,
        0.23655913978494625,
        4.0,
        0.0,
        0.0
      ],
      "node_4": [
        9.946236559139784,
        0.48,
        0.16129032258064516,
        2.0,
        0.0,
        0.0
      ],
      "node_5": [
        7.612903225806452,
        0.25,
        0.2903225806451613,
        2.0,
        0.0,
        0.0
      ]
    },
    {
      "node_0": [
        9.595744680851064,
        0.33,
        0.24468085106382978,
        2.0,
        0.0,
        1.0
      ],
      "node_1": [
        11.763440860215054,
        0.485,
        0.13978494623655913,
        2.0,
        0.0,
        0.5
      ],
      "node_2": [
        9.172043010752688,
        0.43,
        0.1827956989247312,
        3.0,
        0.0,
        0.0
      ],
      "node_3": [
        8.838709677419354,
        0.77,
        0.23655913978494625,
        4.0,
        0.0,
        0.0
      ],
      "node_4": [
        9.946236559139784,
        0.48,
        0.16129032258064516,
        2.0,
        0.0,
        0.0
      ],
      "node_5": [
        7.612903225806452,
        0.25,
        0.2903225806451613,
        2.0,
        0.0,
        0.0
      ]
    }
  ],
  "similarity_matrices": [
    [
      [
        1.0,
        0.9962280723391337,
        0.9939106697292219,
        0.9936709916650823,
        0.9905670998845069,
        0.9934222810441763
      ],
      [
        0.9962280723391337,
        1.0,
        0.9979161349119394,
        0.995928817619659,
        0.9900062496361566,
        0.9959305071408021
      ],
      [
        0.9939106697292219,
        0.9979161349119394,
        0.9999999999999999,
        0.9993496874926621,
        0.9960897026064509,
        0.9988748660474392
      ],
      [
        0.9936709916650823,
        0.995928817619659,
        0.9993496874926621,
        1.0000000000000002,
        0.9982145225988139,
        0.9997315245074826
      ],
      [
        0.9905670998845069,
        0.9900062496361566,
        0.9960897026064509,
        0.9982145225988139,
        1.0,
        0.9972521679220195
      ],
      [
        0.9934222810441763,
        0.9959305071408021,
        0.9988748660474392,
        0.9997315245074826,
        0.9972521679220195,
        1.0
      ]
    ],
    [
      [
        0.9999999999999996,
        0.9974230516431997,
        0.9886991495712706,
        0.9700482921011183,
        0.994687364273939,
        0.9934605364689484
      ],
      [
        0.9974230516431997,
        0.9999999999999999,
        0.9882345586663089,
        0.9657387712055415,
        0.9986445451530062,
        0.9948677480685812
      ],
      [
        0.9886991495712706,
        0.9882345586663089,
        1.0000000000000002,
        0.993492193938119,
        0.9930922101291978,
        0.9980096669371806
      ],
      [
        0.9700482921011183,
        0.9657387712055415,
        0.993492193938119,
        1.0,
        0.974023489065209,
        0.9847711930344398
      ],
      [
        0.994687364273939,
        0.9986445451530062,
        0.9930922101291978,
        0.974023489065209,
        0.9999999999999997,
        0.9979548638095019
      ],
      [
        0.9934605364689484,
        0.9948677480685812,
        0.9980096669371806,
        0.9847711930344398,
        0.9979548638095019,
        0.9999999999999999
      ]
    ],
    [
      [
        0.9999999999999996,
        0.9974230516431997,
        0.9886991495712706,
        0.9700482921011183,
        0.994687364273939,
        0.9934605364689484
      ],
      [
        0.9974230516431997,
        0.9999999999999999,
        0.9882345586663089,
        0.9657387712055415,
        0.9986445451530062,
        0.9948677480685812
      ],
      [
        0.9886991495712706,
        0.9882345586663089,
        1.0000000000000002,
        0.993492193938119,
        0.9930922101291978,
        0.9980096669371806
      ],
      [
        0.9700482921011183,
        0.9657387712055415,
        0.993492193938119,
        1.0,
        0.974023489065209,
        0.9847711930344398
      ],
      [
        0.994687364273939,
        0.9986445451530062,
        0.9930922101291978,
        0.974023489065209,
        0.9999999999999997,
        0.9979548638095019
      ],
      [
        0.9934605364689484,
        0.9948677480685812,
        0.9980096669371806,
        0.9847711930344398,
        0.9979548638095019,
        0.9999999999999999
      ]
    ]
  ]
}