{
  "num_rounds": 3,
  "cluster_history": [
    {
      "node_0": 0,
      "node_1": 0,
      "node_2": 0,
      "node_3": 1,
      "node_4": 1,
      "node_5": 1
    },
    {
      "node_0": 1,
      "node_1": 0,
      "node_2": 1,
      "node_3": 0,
      "node_4": 0,
      "node_5": 0
    },
    {
      "node_0": 1,
      "node_1": 1,
      "node_2": 0,
      "node_3": 0,
      "node_4": 0,
      "node_5": 0
    }
  ],
  "transitions": [
    {
      "round": 1,
      "transitions": {}
    },
    {
      "round": 2,
      "transitions": {
        "node_0": {
          "from": 0,
          "to": 1
        },
        "node_2": {
          "from": 0,
          "to": 1
        },
        "node_3": {
          "from": 1,
          "to": 0
        },
        "node_4": {
          "from": 1,
          "to": 0
        },
        "node_5": {
          "from": 1,
          "to": 0
        }
      }
    },
    {
      "round": 3,
      "transitions": {
        "node_1": {
          "from": 0,
          "to": 1
        },
        "node_2": {
          "from": 1,
          "to": 0
        }
      }
    }
  ],
  "fingerprints": [
    {
      "node_0": [
        9.23404255319149,
        0.17,
        0.24468085106382978,
        2.0,
        0.0,
        0.0
      ],
      "node_1": [
        8.98936170212766,
        0.115,
        0.24468085106382978,
        1.0,
        0.0,
        0.0
      ],
      "node_2": [
        9.436170212765957,
        0.225,
        0.24468085106382978,
        2.0,
        0.0,
        0.0
      ],
      "node_3": [
        9.27659574468085,
        0.11,
        0.24468085106382978,
        1.0,
        0.0,
        0.0
      ],
      "node_4": [
        9.574468085106384,
        0.35,
        0.24468085106382978,
        2.0,
        0.0,
        0.0
      ],
      "node_5": [
        9.351063829787234,
        0.21,
        0.24468085106382978,
        2.0,
        0.0,
        0.0
      ]
    },
    {
      "node_0": [
        9.75531914893617,
        0.33,
        0.24468085106382978,
        2.0,
        0.0,
        0.0
      ],
      "node_1": [
        9.75531914893617,
        0.33,
        0.24468085106382978,
        2.0,
        0.0,
        0.0
      ],
      "node_2": [
        9.26595744680851,
        0.165,
        0.24468085106382978,
        2.0,
        0.0,
        0.0
      ],
      "node_3": [
        9.75531914893617,
        0.33,
        0.24468085106382978,
        2.0,
        0.0,
        0.0
      ],
      "node_4": [
        9.75531914893617,
        0.33,
        0.24468085106382978,
        2.0,
        0.0,
        0.0
      ],
      "node_5": [
        9.75531914893617,
        0.33,
        0.24468085106382978,
        2.0,
        0.0,
        0.0
      ]
    },
    {
      "node_0": [
        9.75531914893617,
        0.33,
        0.24468085106382978,
        2.0,
        0.0,
        0.0
      ],
      "node_1": [
        9.75531914893617,
        0.33,
        0.24468085106382978,
        2.0,
        0.0,
        0.0
      ],
      "node_2": [
        9.75531914893617,
        0.33,
        0.24468085106382978,
        2.0,
        0.0,
        0.0
      ],
      "node_3": [
        9.75531914893617,
        0.33,
        0.24468085106382978,
        2.0,
        0.0,
        0.0
      ],
      "node_4": [
        9.75531914893617,
        0.33,
        0.24468085106382978,
        2.0,
        0.0,
        0.0
      ],
      "node_5": [
        9.75531914893617,
        0.33,
        0.24468085106382978,
        2.0,
        0.0,
        0.0
      ]
    }
  ],
  "similarity_matrices": [
    [
      [
        1.0,
        0.9947410039382961,
        0.9999758300659789,
        0.9943824119299964,
        0.9998145974390434,
        0.9999887399142176
      ],
      [
        0.9947410039382961,
        0.9999999999999999,
        0.995142099143517,
        0.999993443466561,
        0.9952162068621851,
        0.9949736673048418
      ],
      [
        0.9999758300659789,
        0.995142099143517,
        1.0,
        0.9947940731160945,
        0.9999182439053778,
        0.9999973439671678
      ],
      [
        0.9943824119299964,
        0.999993443466561,
        0.9947940731160945,
        0.9999999999999999,
        0.9948670201786561,
        0.994620462354455
      ],
      [
        0.9998145974390434,
        0.9952162068621851,
        0.9999182439053778,
        0.9948670201786561,
        1.0000000000000002,
        0.999893131657195
      ],
      [
        0.9999887399142176,
        0.9949736673048418,
        0.9999973439671678,
        0.994620462354455,
        0.999893131657195,
        1.0
      ]
    ],
    [
      [
        0.9999999999999998,
        0.9999999999999998,
        0.9998220334227311,
        0.9999999999999998,
        0.9999999999999998,
        0.9999999999999998
      ],
      [
        0.9999999999999998,
        0.9999999999999998,
        0.9998220334227311,
        0.9999999999999998,
        0.9999999999999998,
        0.9999999999999998
      ],
      [
        0.9998220334227311,
        0.9998220334227311,
        0.9999999999999998,
        0.9998220334227311,
        0.9998220334227311,
        0.9998220334227311
      ],
      [
        0.9999999999999998,
        0.9999999999999998,
        0.9998220334227311,
        0.9999999999999998,
        0.9999999999999998,
        0.9999999999999998
      ],
      [
        0.9999999999999998,
        0.9999999999999998,
        0.9998220334227311,
        0.9999999999999998,
        0.9999999999999998,
        0.9999999999999998
      ],
      [
        0.9999999999999998,
        0.9999999999999998,
        0.9998220334227311,
        0.9999999999999998,
        0.9999999999999998,
        0.9999999999999998
      ]
    ],
    [
      [
        0.9999999999999998,
        0.9999999999999998,
        0.9999999999999998,
        0.9999999999999998,
        0.9999999999999998,
        0.9999999999999998
      ],
      [
        0.9999999999999998,
        0.9999999999999998,
        0.9999999999999998,
        0.9999999999999998,
        0.9999999999999998,
        0.9999999999999998
      ],
      [
        0.9999999999999998,
        0.9999999999999998,
        0.9999999999999998,
        0.9999999999999998,
        0.9999999999999998,
        0.9999999999999998
      ],
      [
        0.9999999999999998,
        0.9999999999999998,
        0.9999999999999998,
        0.9999999999999998,
        0.9999999999999998,
        0.9999999999999998
      ],
      [
        0.9999999999999998,
        0.9999999999999998,
        0.9999999999999998,
        0.9999999999999998,
        0.9999999999999998,
        0.9999999999999998
      ],
      [
        0.9999999999999998,
        0.9999999999999998,
        0.9999999999999998,
        0.9999999999999998,
        0.9999999999999998,
        0.9999999999999998
      ]
    ]
  ]
}