{
  "num_rounds": 3,
  "cluster_history": [
    {
      "node_0": 1,
      "node_1": 1,
      "node_2": 0,
      "node_3": 0,
      "node_4": 0,
      "node_5": 1,
      "node_6": 1
    },
    {
      "node_0": 0,
      "node_1": 1,
      "node_2": 1,
      "node_3": 0,
      "node_4": 0,
      "node_5": 0,
      "node_6": 1
    },
    {
      "node_0": 0,
      "node_1": 1,
      "node_2": 1,
      "node_3": 0,
      "node_4": 0,
      "node_5": 0,
      "node_6": 1
    }
  ],
  "reward_history": [
    -14.605714285714287,
    -13.38857142857143,
    -15.422857142857143
  ],
  "queue_history": [
    7.624649859943978,
    7.191428571428572,
    8.197142857142858
  ],
  "wait_history": [
    10.28723147117912,
    11.121748334813557,
    16.817413447856875
  ],
  "throughput_history": [
    0.480859010270775,
    0.46238095238095234,
    0.47000000000000003
  ],
  "transitions": [
    {
      "round": 2,
      "transitions": {}
    },
    {
      "round": 3,
      "transitions": {
        "node_0": {
          "from": 1,
          "to": 0
        },
        "node_2": {
          "from": 0,
          "to": 1
        },
        "node_5": {
          "from": 1,
          "to": 0
        }
      }
    },
    {
      "round": 4,
      "transitions": {}
    }
  ],
  "fingerprints": [
    {
      "node_0": [
        7.359613289760348,
        5.2745098039215685,
        0.41176470588235287,
        9.0,
        0.0,
        1.0
      ],
      "node_1": [
        6.459558823529412,
        5.372549019607843,
        0.4771241830065359,
        8.0,
        0.0196078431372549,
        1.0
      ],
      "node_2": [
        11.084150326797383,
        8.490196078431373,
        0.4967320261437909,
        15.0,
        0.17647058823529413,
        1.0
      ],
      "node_3": [
        10.81673044299201,
        8.92156862745098,
        0.5686274509803921,
        13.0,
        0.0,
        1.0
      ],
      "node_4": [
        22.586645846547235,
        13.019607843137255,
        0.542483660130719,
        20.0,
        0.5686274509803921,
        0.0
      ],
      "node_5": [
        7.037254901960785,
        6.607843137254902,
        0.4509803921568627,
        12.0,
        0.0196078431372549,
        1.0
      ],
      "node_6": [
        6.666666666666667,
        5.686274509803922,
        0.4183006535947712,
        10.0,
        0.0,
        1.0
      ]
    },
    {
      "node_0": [
        12.0495703125,
        5.48,
        0.37,
        9.0,
        0.0,
        1.0
      ],
      "node_1": [
        15.214844960317459,
        8.74,
        0.4633333333333334,
        18.0,
        0.18,
        1.0
      ],
      "node_2": [
        13.475826666666666,
        9.24,
        0.5033333333333333,
        15.0,
        0.24,
        1.0
      ],
      "node_3": [
        9.799039936507937,
        6.74,
        0.43,
        13.0,
        0.06,
        1.0
      ],
      "node_4": [
        6.776624986221341,
        5.72,
        0.5100000000000001,
        20.0,
        0.0,
        0.0
      ],
      "node_5": [
        9.070712962962963,
        6.86,
        0.5099999999999999,
        12.0,
        0.0,
        1.0
      ],
      "node_6": [
        11.465618518518518,
        7.56,
        0.44999999999999996,
        11.0,
        0.02,
        1.0
      ]
    },
    {
      "node_0": [
        9.544803240740741,
        5.56,
        0.44999999999999996,
        9.0,
        0.0,
        1.0
      ],
      "node_1": [
        31.675160801745747,
        11.64,
        0.44999999999999996,
        18.0,
        0.78,
        1.0
      ],
      "node_2": [
        26.171941032498424,
        10.84,
        0.5166666666666667,
        15.0,
        0.74,
        1.0
      ],
      "node_3": [
        12.365553109841267,
        5.74,
        0.40333333333333327,
        13.0,
        0.0,
        1.0
      ],
      "node_4": [
        8.570049756944446,
        6.88,
        0.47,
        20.0,
        0.02,
        0.0
      ],
      "node_5": [
        12.699783306878306,
        7.46,
        0.4766666666666666,
        12.0,
        0.1,
        1.0
      ],
      "node_6": [
        16.69460288634921,
        9.26,
        0.5233333333333333,
        15.0,
        0.08,
        1.0
      ]
    }
  ],
  "similarity_matrices": [
    [
      [
        1.0,
        0.998382428302596,
        0.9985058735295772,
        0.9978707331318807,
        0.9857881598800852,
        0.9899425243541514,
        0.9959881888869813
      ],
      [
        0.998382428302596,
        0.9999999999999997,
        0.99694171444284,
        0.999274866237752,
        0.9819204965298671,
        0.9901961074330955,
        0.9958085706660185
      ],
      [
        0.9985058735295772,
        0.99694171444284,
        1.0000000000000002,
        0.9969207377017809,
        0.9802809960394164,
        0.995104087092771,
        0.9985253755307946
      ],
      [
        0.9978707331318807,
        0.999274866237752,
        0.9969207377017809,
        1.0,
        0.9860105482717004,
        0.9884212085348814,
        0.9943336281324086
      ],
      [
        0.9857881598800852,
        0.9819204965298671,
        0.9802809960394164,
        0.9860105482717004,
        1.0000000000000004,
        0.9561786511046136,
        0.9689493986930796
      ],
      [
        0.9899425243541514,
        0.9901961074330955,
        0.995104087092771,
        0.9884212085348814,
        0.9561786511046136,
        1.0,
        0.9985965309253337
      ],
      [
        0.9959881888869813,
        0.9958085706660185,
        0.9985253755307946,
        0.9943336281324086,
        0.9689493986930796,
        0.9985965309253337,
        0.9999999999999999
      ]
    ],
    [
      [
        1.0000000000000002,
        0.9770585446807498,
        0.9800625267680964,
        0.964574752702089,
        0.8351331902454087,
        0.9632893748523031,
        0.9891209331373908
      ],
      [
        0.9770585446807498,
        1.0000000000000002,
        0.996810052745438,
        0.9977879264835727,
        0.9322497837462961,
        0.995786382958508,
        0.9912716768885126
      ],
      [
        0.9800625267680964,
        0.996810052745438,
        1.0,
        0.9961205606729323,
        0.9143889248732882,
        0.9968373468673082,
        0.9975256883368796
      ],
      [
        0.964574752702089,
        0.9977879264835727,
        0.9961205606729323,
        1.0000000000000002,
        0.9452685330042409,
        0.999344414712729,
        0.9880290788850647
      ],
      [
        0.8351331902454087,
        0.9322497837462961,
        0.9143889248732882,
        0.9452685330042409,
        1.0,
        0.9402482218883566,
        0.8842940871472069
      ],
      [
        0.9632893748523031,
        0.995786382958508,
        0.9968373468673082,
        0.999344414712729,
        0.9402482218883566,
        1.0000000000000002,
        0.9895462388375073
      ],
      [
        0.9891209331373908,
        0.9912716768885126,
        0.9975256883368796,
        0.9880290788850647,
        0.8842940871472069,
        0.9895462388375073,
        1.0
      ]
    ],
    [
      [
        1.0000000000000002,
        0.9695576079755795,
        0.9734599693950562,
        0.9943736195012118,
        0.9205236605223696,
        0.9998087905664763,
        0.9992370639499776
      ],
      [
        0.9695576079755795,
        0.9999999999999998,
        0.9993308120440346,
        0.9606368589763494,
        0.8148113330683524,
        0.9699005477353793,
        0.9760527141444998
      ],
      [
        0.9734599693950562,
        0.9993308120440346,
        1.0000000000000002,
        0.9615317931507652,
        0.8181516258886306,
        0.9738046826074139,
        0.979312464920178
      ],
      [
        0.9943736195012118,
        0.9606368589763494,
        0.9615317931507652,
        0.9999999999999998,
        0.941891767444142,
        0.9943479452507412,
        0.9939005380904439
      ],
      [
        0.9205236605223696,
        0.8148113330683524,
        0.8181516258886306,
        0.941891767444142,
        1.0,
        0.9217306429845635,
        0.9139381755366931
      ],
      [
        0.9998087905664763,
        0.9699005477353793,
        0.9738046826074139,
        0.9943479452507412,
        0.9217306429845635,
        0.9999999999999998,
        0.9995854296925903
      ],
      [
        0.9992370639499776,
        0.9760527141444998,
        0.979312464920178,
        0.9939005380904439,
        0.9139381755366931,
        0.9995854296925903,
        1.0000000000000002
      ]
    ]
  ]
}