{
  "num_rounds": 3,
  "cluster_history": [
    {
      "node_0": 0,
      "node_1": 0,
      "node_2": 0,
      "node_3": 1,
      "node_4": 1,
      "node_5": 1
    },
    {
      "node_0": 0,
      "node_1": 1,
      "node_2": 1,
      "node_3": 0,
      "node_4": 0,
      "node_5": 0
    },
    {
      "node_0": 0,
      "node_1": 1,
      "node_2": 1,
      "node_3": 0,
      "node_4": 1,
      "node_5": 1
    }
  ],
  "transitions": [
    {
      "round": 1,
      "transitions": {}
    },
    {
      "round": 2,
      "transitions": {
        "node_1": {
          "from": 0,
          "to": 1
        },
        "node_2": {
          "from": 0,
          "to": 1
        },
        "node_3": {
          "from": 1,
          "to": 0
        },
        "node_4": {
          "from": 1,
          "to": 0
        },
        "node_5": {
          "from": 1,
          "to": 0
        }
      }
    },
    {
      "round": 3,
      "transitions": {
        "node_4": {
          "from": 0,
          "to": 1
        },
        "node_5": {
          "from": 0,
          "to": 1
        }
      }
    }
  ],
  "fingerprints": [
    {
      "node_0": [
        3.6784140969162995,
        4.175,
        0.0,
        16.0,
        0.0,
        1.0
      ],
      "node_1": [
        5.444444444444445,
        6.37,
        0.0,
        17.0,
        0.0,
        0.5
      ],
      "node_2": [
        6.591489361702128,
        7.745,
        0.0,
        18.0,
        1.0,
        0.0
      ],
      "node_3": [
        4.4935064935064934,
        5.19,
        0.0,
        18.0,
        1.0,
        0.0
      ],
      "node_4": [
        6.186147186147186,
        7.145,
        0.0,
        15.0,
        0.0,
        0.0
      ],
      "node_5": [
        5.66412213740458,
        7.42,
        0.0,
        17.0,
        0.0,
        0.0
      ]
    },
    {
      "node_0": [
        8.720338983050848,
        10.29,
        0.0,
        21.0,
        0.0,
        1.0
      ],
      "node_1": [
        5.792,
        7.24,
        0.0,
        25.0,
        0.0,
        0.5
      ],
      "node_2": [
        5.308695652173913,
        6.105,
        0.0,
        15.0,
        0.0,
        0.0
      ],
      "node_3": [
        6.9743589743589745,
        8.16,
        0.0,
        20.0,
        0.0,
        0.0
      ],
      "node_4": [
        7.566964285714286,
        8.475,
        0.0,
        27.0,
        0.0,
        0.0
      ],
      "node_5": [
        7.408163265306122,
        9.075,
        0.0,
        23.0,
        0.0,
        0.0
      ]
    },
    {
      "node_0": [
        9.3625,
        11.235,
        0.0,
        25.0,
        0.0,
        1.0
      ],
      "node_1": [
        5.6525423728813555,
        6.67,
        0.0,
        16.0,
        1.0,
        0.5
      ],
      "node_2": [
        4.0228310502283104,
        4.405,
        0.0,
        14.0,
        0.0,
        0.0
      ],
      "node_3": [
        10.290322580645162,
        12.76,
        0.0,
        29.0,
        0.0,
        0.0
      ],
      "node_4": [
        6.276859504132231,
        7.595,
        0.0,
        18.0,
        0.0,
        0.0
      ],
      "node_5": [
        4.721311475409836,
        5.76,
        0.0,
        13.0,
        0.0,
        0.0
      ]
    }
  ],
  "similarity_matrices": [
    [
      [
        1.0000000000000002,
        0.9918786603281479,
        0.9810330701958971,
        0.9964767301934441,
        0.9725237147959392,
        0.9839065024283332
      ],
      [
        0.9918786603281479,
        1.0,
        0.9969009437646346,
        0.9939340595601226,
        0.9942190946407485,
        0.9983521569225235
      ],
      [
        0.9810330701958971,
        0.9969009437646346,
        1.0000000000000002,
        0.9887962381498759,
        0.997675525436976,
        0.9984251769728653
      ],
      [
        0.9964767301934441,
        0.9939340595601226,
        0.9887962381498759,
        1.0,
        0.9791689742387766,
        0.9888641121772797
      ],
      [
        0.9725237147959392,
        0.9942190946407485,
        0.997675525436976,
        0.9791689742387766,
        1.0000000000000002,
        0.9977095394782887
      ],
      [
        0.9839065024283332,
        0.9983521569225235,
        0.9984251769728653,
        0.9888641121772797,
        0.9977095394782887,
        0.9999999999999999
      ]
    ],
    [
      [
        1.0,
        0.9765280375738977,
        0.9962702603245319,
        0.9961310567864194,
        0.9842767290026712,
        0.9941804482174941
      ],
      [
        0.9765280375738977,
        1.0,
        0.9899743320737133,
        0.9903083289659067,
        0.9986956782944567,
        0.9931033990519481
      ],
      [
        0.9962702603245319,
        0.9899743320737133,
        1.0000000000000002,
        0.9999897515180696,
        0.9953482625178547,
        0.9996185250164952
      ],
      [
        0.9961310567864194,
        0.9903083289659067,
        0.9999897515180696,
        1.0000000000000002,
        0.9955155935404967,
        0.9997140904281103
      ],
      [
        0.9842767290026712,
        0.9986956782944567,
        0.9953482625178547,
        0.9955155935404967,
        1.0,
        0.9971801248847735
      ],
      [
        0.9941804482174941,
        0.9931033990519481,
        0.9996185250164952,
        0.9997140904281103,
        0.9971801248847735,
        1.0
      ]
    ],
    [
      [
        0.9999999999999998,
        0.9980417170066633,
        0.9912154785562641,
        0.9992625189258271,
        0.9989975236821785,
        0.9993552865204675
      ],
      [
        0.9980417170066633,
        1.0,
        0.9932757003391997,
        0.9979522998630366,
        0.9981074344417792,
        0.9978906293741182
      ],
      [
        0.9912154785562641,
        0.9932757003391997,
        0.9999999999999999,
        0.9934076507499052,
        0.9949689470485973,
        0.9928325969871473
      ],
      [
        0.9992625189258271,
        0.9979522998630366,
        0.9934076507499052,
        1.0,
        0.9998899896561351,
        0.9999755642296305
      ],
      [
        0.9989975236821785,
        0.9981074344417792,
        0.9949689470485973,
        0.9998899896561351,
        0.9999999999999999,
        0.9998095708197964
      ],
      [
        0.9993552865204675,
        0.9978906293741182,
        0.9928325969871473,
        0.9999755642296305,
        0.9998095708197964,
        1.0
      ]
    ]
  ]
}