{
  "num_rounds": 3,
  "cluster_history": [
    {
      "node_0": 0,
      "node_1": 0,
      "node_2": 1,
      "node_3": 1,
      "node_4": 0,
      "node_5": 0,
      "node_6": 1
    },
    {
      "node_0": 1,
      "node_1": 0,
      "node_2": 1,
      "node_3": 1,
      "node_4": 0,
      "node_5": 0,
      "node_6": 0
    },
    {
      "node_0": 0,
      "node_1": 1,
      "node_2": 0,
      "node_3": 1,
      "node_4": 0,
      "node_5": 0,
      "node_6": 1
    }
  ],
  "reward_history": [
    -14.279999999999998,
    -13.485714285714286,
    -13.285714285714286
  ],
  "queue_history": [
    7.492997198879551,
    7.251428571428571,
    7.151428571428572
  ],
  "wait_history": [
    10.514733392062292,
    13.233924728825377,
    11.792621741844835
  ],
  "throughput_history": [
    0.5042016806722689,
    0.4680952380952381,
    0.4785714285714285
  ],
  "transitions": [
    {
      "round": 2,
      "transitions": {}
    },
    {
      "round": 3,
      "transitions": {
        "node_0": {
          "from": 0,
          "to": 1
        },
        "node_6": {
          "from": 1,
          "to": 0
        }
      }
    },
    {
      "round": 4,
      "transitions": {
        "node_0": {
          "from": 1,
          "to": 0
        },
        "node_1": {
          "from": 0,
          "to": 1
        },
        "node_2": {
          "from": 1,
          "to": 0
        },
        "node_6": {
          "from": 0,
          "to": 1
        }
      }
    }
  ],
  "fingerprints": [
    {
      "node_0": [
        10.644148293391432,
        8.392156862745098,
        0.4771241830065359,
        15.0,
        0.1568627450980392,
        1.0
      ],
      "node_1": [
        10.706341240199786,
        7.666666666666667,
        0.5032679738562091,
        12.0,
        0.11764705882352941,
        1.0
      ],
      "node_2": [
        8.695984477124181,
        7.235294117647059,
        0.5359477124183006,
        13.0,
        0.0,
        1.0
      ],
      "node_3": [
        9.80187854030501,
        7.803921568627451,
        0.5032679738562091,
        13.0,
        0.0784313725490196,
        1.0
      ],
      "node_4": [
        10.395716836117161,
        6.0,
        0.49019607843137264,
        11.0,
        0.0392156862745098,
        1.0
      ],
      "node_5": [
        8.119607843137253,
        6.098039215686274,
        0.5098039215686274,
        12.0,
        0.0392156862745098,
        1.0
      ],
      "node_6": [
        15.239456514161219,
        9.254901960784315,
        0.5098039215686274,
        15.0,
        0.058823529411764705,
        1.0
      ]
    },
    {
      "node_0": [
        22.34199929809524,
        9.98,
        0.5366666666666666,
        19.0,
        0.46,
        1.0
      ],
      "node_1": [
        13.585197146936375,
        6.86,
        0.43666666666666665,
        12.0,
        0.08,
        1.0
      ],
      "node_2": [
        11.479850476190476,
        7.62,
        0.5099999999999999,
        14.0,
        0.04,
        1.0
      ],
      "node_3": [
        12.59174166666667,
        7.08,
        0.4433333333333333,
        13.0,
        0.02,
        1.0
      ],
      "node_4": [
        11.440823032407407,
        6.82,
        0.45666666666666667,
        11.0,
        0.0,
        1.0
      ],
      "node_5": [
        10.372939814814814,
        6.32,
        0.45,
        12.0,
        0.04,
        1.0
      ],
      "node_6": [
        10.824921666666667,
        6.08,
        0.4433333333333333,
        15.0,
        0.0,
        1.0
      ]
    },
    {
      "node_0": [
        9.39965648148148,
        6.74,
        0.46333333333333326,
        19.0,
        0.0,
        1.0
      ],
      "node_1": [
        28.09569936387944,
        12.86,
        0.4833333333333333,
        16.0,
        0.72,
        1.0
      ],
      "node_2": [
        7.13375,
        5.64,
        0.4833333333333333,
        14.0,
        0.0,
        1.0
      ],
      "node_3": [
        12.0838617989418,
        6.44,
        0.46333333333333326,
        13.0,
        0.08,
        1.0
      ],
      "node_4": [
        11.201106770833334,
        6.84,
        0.5099999999999999,
        11.0,
        0.0,
        1.0
      ],
      "node_5": [
        5.3166111111111105,
        4.92,
        0.4699999999999999,
        12.0,
        0.0,
        1.0
      ],
      "node_6": [
        9.317666666666666,
        6.62,
        0.4766666666666666,
        15.0,
        0.06,
        1.0
      ]
    }
  ],
  "similarity_matrices": [
    [
      [
        1.0000000000000004,
        0.9947588602268754,
        0.9995790627977428,
        0.999448009328018,
        0.9903724502471828,
        0.9992022396017223,
        0.9868840738730091
      ],
      [
        0.9947588602268754,
        1.0,
        0.9920454507430696,
        0.9972414462376028,
        0.9973692347295722,
        0.9914977741532585,
        0.997490126934698
      ],
      [
        0.9995790627977428,
        0.9920454507430696,
        1.0,
        0.9985886722063912,
        0.9866689867883315,
        0.9993622929368078,
        0.9823614120862983
      ],
      [
        0.999448009328018,
        0.9972414462376028,
        0.9985886722063912,
        0.9999999999999999,
        0.9924232751574498,
        0.9976958022023678,
        0.9902343876816695
      ],
      [
        0.9903724502471828,
        0.9973692347295722,
        0.9866689867883315,
        0.9924232751574498,
        1.0000000000000002,
        0.9885725307949426,
        0.9987606517270833
      ],
      [
        0.9992022396017223,
        0.9914977741532585,
        0.9993622929368078,
        0.9976958022023678,
        0.9885725307949426,
        0.9999999999999999,
        0.9831420741909505
      ],
      [
        0.9868840738730091,
        0.997490126934698,
        0.9823614120862983,
        0.9902343876816695,
        0.9987606517270833,
        0.9831420741909505,
        1.0
      ]
    ],
    [
      [
        1.0,
        0.9990174124477822,
        0.9832915182597796,
        0.9945992938172228,
        0.994886784782451,
        0.9879534583948129,
        0.9737212021363855
      ],
      [
        0.9990174124477822,
        0.9999999999999999,
        0.9882862531806951,
        0.9973055136730427,
        0.9982339185652914,
        0.9920014810505215,
        0.9772491647283195
      ],
      [
        0.9832915182597796,
        0.9882862531806951,
        1.0000000000000002,
        0.9967511348866385,
        0.9940558377455418,
        0.9994987218757971,
        0.9950787315758639
      ],
      [
        0.9945992938172228,
        0.9973055136730427,
        0.9967511348866385,
        0.9999999999999997,
        0.99889121577708,
        0.9985656846524417,
        0.9893039148246375
      ],
      [
        0.994886784782451,
        0.9982339185652914,
        0.9940558377455418,
        0.99889121577708,
        0.9999999999999999,
        0.9960288368235595,
        0.9820515686282364
      ],
      [
        0.9879534583948129,
        0.9920014810505215,
        0.9994987218757971,
        0.9985656846524417,
        0.9960288368235595,
        1.0,
        0.994696898600293
      ],
      [
        0.9737212021363855,
        0.9772491647283195,
        0.9950787315758639,
        0.9893039148246375,
        0.9820515686282364,
        0.994696898600293,
        1.0
      ]
    ],
    [
      [
        1.0,
        0.8458970801398656,
        0.9991198380392884,
        0.9619820451555758,
        0.946168311348152,
        0.9974936717504381,
        0.9945314349794727
      ],
      [
        0.8458970801398656,
        1.0,
        0.8551220729314715,
        0.9590387184280031,
        0.9704445357638484,
        0.8289954732076145,
        0.8941730404286863
      ],
      [
        0.9991198380392884,
        0.8551220729314715,
        0.9999999999999999,
        0.9662044412050814,
        0.9533326982603371,
        0.9985396518298552,
        0.9967279755270456
      ],
      [
        0.9619820451555758,
        0.9590387184280031,
        0.9662044412050814,
        1.0,
        0.9971066683415367,
        0.9519398728206588,
        0.9836488733599574
      ],
      [
        0.946168311348152,
        0.9704445357638484,
        0.9533326982603371,
        0.9971066683415367,
        1.0,
        0.9384581057632246,
        0.9743855185235653
      ],
      [
        0.9974936717504381,
        0.8289954732076145,
        0.9985396518298552,
        0.9519398728206588,
        0.9384581057632246,
        1.0,
        0.9914050696431107
      ],
      [
        0.9945314349794727,
        0.8941730404286863,
        0.9967279755270456,
        0.9836488733599574,
        0.9743855185235653,
        0.9914050696431107,
        1.0
      ]
    ]
  ]
}