{
  "num_rounds": 3,
  "cluster_history": [
    {
      "node_0": 0,
      "node_1": 0,
      "node_2": 1,
      "node_3": 0,
      "node_4": 1,
      "node_5": 0,
      "node_6": 1
    },
    {
      "node_0": 0,
      "node_1": 0,
      "node_2": 1,
      "node_3": 0,
      "node_4": 1,
      "node_5": 0,
      "node_6": 1
    },
    {
      "node_0": 0,
      "node_1": 0,
      "node_2": 1,
      "node_3": 0,
      "node_4": 1,
      "node_5": 0,
      "node_6": 1
    }
  ],
  "transitions": [
    {
      "round": 2,
      "transitions": {}
    },
    {
      "round": 3,
      "transitions": {}
    },
    {
      "round": 4,
      "transitions": {}
    }
  ],
  "fingerprints": [
    {
      "node_0": [
        13.789169921023962,
        9.745098039215685,
        0.4967320261437908,
        16.0,
        0.35294117647058826,
        1.0
      ],
      "node_1": [
        9.02271892871732,
        7.549019607843137,
        0.4640522875816993,
        12.0,
        0.0392156862745098,
        1.0
      ],
      "node_2": [
        187.44052028225335,
        55.254901960784316,
        0.5359477124183006,
        86.0,
        3.627450980392157,
        0.0
      ],
      "node_3": [
        8.878367320261438,
        7.9411764705882355,
        0.5424836601307189,
        13.0,
        0.0,
        1.0
      ],
      "node_4": [
        24.70811405624535,
        14.058823529411764,
        0.5294117647058824,
        21.0,
        0.9215686274509803,
        0.0
      ],
      "node_5": [
        26.826381657871483,
        15.607843137254902,
        0.6013071895424836,
        22.0,
        0.803921568627451,
        1.0
      ],
      "node_6": [
        41.58187634468362,
        19.431372549019606,
        0.5882352941176471,
        29.0,
        1.5686274509803921,
        0.0
      ]
    },
    {
      "node_0": [
        66.98190335135683,
        23.58,
        0.5900000000000001,
        29.0,
        2.04,
        1.0
      ],
      "node_1": [
        12.207036927083331,
        6.98,
        0.5166666666666667,
        12.0,
        0.0,
        1.0
      ],
      "node_2": [
        811.5647514465122,
        117.02,
        0.5366666666666666,
        152.0,
        4.0,
        0.0
      ],
      "node_3": [
        18.651739758273102,
        11.42,
        0.57,
        16.0,
        0.24,
        1.0
      ],
      "node_4": [
        105.53708440902464,
        30.86,
        0.6033333333333334,
        40.0,
        2.28,
        0.0
      ],
      "node_5": [
        28.44621246884368,
        14.16,
        0.5233333333333333,
        24.0,
        0.8,
        1.0
      ],
      "node_6": [
        157.9193375109674,
        41.48,
        0.6033333333333333,
        56.0,
        2.98,
        0.0
      ]
    },
    {
      "node_0": [
        93.2463079896169,
        25.4,
        0.6033333333333334,
        31.0,
        2.26,
        1.0
      ],
      "node_1": [
        15.244908730158729,
        6.86,
        0.47,
        12.0,
        0.06,
        1.0
      ],
      "node_2": [
        1905.7349181657069,
        177.34,
        0.5299999999999999,
        206.0,
        4.0,
        0.0
      ],
      "node_3": [
        48.12898382053903,
        17.32,
        0.5033333333333334,
        25.0,
        1.5,
        1.0
      ],
      "node_4": [
        236.77349268221826,
        45.54,
        0.5766666666666667,
        55.0,
        3.0,
        0.0
      ],
      "node_5": [
        39.82855890126591,
        14.88,
        0.5566666666666666,
        25.0,
        0.94,
        1.0
      ],
      "node_6": [
        401.34888262007416,
        65.5,
        0.5766666666666667,
        76.0,
        3.8,
        0.0
      ]
    }
  ],
  "similarity_matrices": [
    [
      [
        1.0,
        0.9974067508020749,
        0.9049379971381035,
        0.9940658571407811,
        0.9887562358437318,
        0.9875016383727199,
        0.9703247119058275
      ],
      [
        0.9974067508020749,
        1.0000000000000002,
        0.8733767141348353,
        0.9991648366961379,
        0.9762681896331957,
        0.9751421199516629,
        0.9512922565354476
      ],
      [
        0.9049379971381035,
        0.8733767141348353,
        1.0,
        0.8537960842374358,
        0.9559470852480312,
        0.9577989386784101,
        0.9800945204328544
      ],
      [
        0.9940658571407811,
        0.9991648366961379,
        0.8537960842374358,
        1.0,
        0.9672651295551915,
        0.9655269697409802,
        0.9386080540667511
      ],
      [
        0.9887562358437318,
        0.9762681896331957,
        0.9559470852480312,
        0.9672651295551915,
        1.0000000000000002,
        0.9994201638357226,
        0.9951641498897087
      ],
      [
        0.9875016383727199,
        0.9751421199516629,
        0.9577989386784101,
        0.9655269697409802,
        0.9994201638357226,
        1.0000000000000002,
        0.9954277862569328
      ],
      [
        0.9703247119058275,
        0.9512922565354476,
        0.9800945204328544,
        0.9386080540667511,
        0.9951641498897087,
        0.9954277862569328,
        1.0000000000000002
      ]
    ],
    [
      [
        1.0000000000000002,
        0.9368810422320852,
        0.9615482794877342,
        0.9533816718504445,
        0.997866168920805,
        0.9609208661539219,
        0.9953083521476314
      ],
      [
        0.9368810422320852,
        0.9999999999999997,
        0.8124383702725655,
        0.9967238770998068,
        0.9153786020424441,
        0.9964989837460474,
        0.9037468294826284
      ],
      [
        0.9615482794877342,
        0.8124383702725655,
        0.9999999999999999,
        0.8358660699285726,
        0.9770003387712217,
        0.8545319743901465,
        0.9831187689126233
      ],
      [
        0.9533816718504445,
        0.9967238770998068,
        0.8358660699285726,
        1.0,
        0.9330552778165284,
        0.9972587680189055,
        0.9217613912011368
      ],
      [
        0.997866168920805,
        0.9153786020424441,
        0.9770003387712217,
        0.9330552778165284,
        1.0,
        0.9438605806710224,
        0.9994864235485513
      ],
      [
        0.9609208661539219,
        0.9964989837460474,
        0.8545319743901465,
        0.9972587680189055,
        0.9438605806710224,
        0.9999999999999999,
        0.9342159132466256
      ],
      [
        0.9953083521476314,
        0.9037468294826284,
        0.9831187689126233,
        0.9217613912011368,
        0.9994864235485513,
        0.9342159132466256,
        1.0
      ]
    ],
    [
      [
        0.9999999999999998,
        0.9411853274741186,
        0.9650149019577715,
        0.9868867914207761,
        0.9935147494575725,
        0.9721526552820152,
        0.9869040054121637
      ],
      [
        0.9411853274741186,
        1.0000000000000002,
        0.8253327319883235,
        0.9829200087760745,
        0.8990662629531363,
        0.9937804056066677,
        0.8773683418189798
      ],
      [
        0.9650149019577715,
        0.8253327319883235,
        1.0,
        0.911468282598005,
        0.9885271648605518,
        0.8810957577333598,
        0.99464499796629
      ],
      [
        0.9868867914207761,
        0.9829200087760745,
        0.911468282598005,
        1.0,
        0.9627775572947925,
        0.9969549531087413,
        0.9486577876440597
      ],
      [
        0.9935147494575725,
        0.8990662629531363,
        0.9885271648605518,
        0.9627775572947925,
        1.0000000000000002,
        0.9411568796053791,
        0.9988326286793912
      ],
      [
        0.9721526552820152,
        0.9937804056066677,
        0.8810957577333598,
        0.9969549531087413,
        0.9411568796053791,
        0.9999999999999997,
        0.9240177187031446
      ],
      [
        0.9869040054121637,
        0.8773683418189798,
        0.99464499796629,
        0.9486577876440597,
        0.9988326286793912,
        0.9240177187031446,
        0.9999999999999999
      ]
    ]
  ]
}