{
  "round": 1,
  "mode": "Mock",
  "clustering": {
    "assignments": {
      "node_0": 0,
      "node_1": 0,
      "node_2": 0,
      "node_3": 0,
      "node_4": 1,
      "node_5": 1,
      "node_6": 1,
      "node_7": 1,
      "node_8": 2,
      "node_9": 2,
      "node_10": 2,
      "node_11": 2,
      "node_12": 3,
      "node_13": 3,
      "node_14": 3,
      "node_15": 3,
      "node_16": 4,
      "node_17": 4,
      "node_18": 4,
      "node_19": 4,
      "node_20": 5,
      "node_21": 5,
      "node_22": 5,
      "node_23": 5,
      "node_24": 6,
      "node_25": 6
    },
    "groups": {
      "0": [
        "node_0",
        "node_1",
        "node_2",
        "node_3"
      ],
      "1": [
        "node_4",
        "node_5",
        "node_6",
        "node_7"
      ],
      "2": [
        "node_8",
        "node_9",
        "node_10",
        "node_11"
      ],
      "3": [
        "node_12",
        "node_13",
        "node_14",
        "node_15"
      ],
      "4": [
        "node_16",
        "node_17",
        "node_18",
        "node_19"
      ],
      "5": [
        "node_20",
        "node_21",
        "node_22",
        "node_23"
      ],
      "6": [
        "node_24",
        "node_25"
      ]
    },
    "fingerprints": {
      "node_0": [
        4.808,
        6.01,
        0.0,
        15.0,
        0.0
      ],
      "node_1": [
        5.55982905982906,
        6.505,
        0.0,
        16.0,
        0.0
      ],
      "node_2": [
        4.282051282051282,
        5.01,
        0.0,
        16.0,
        0.0
      ],
      "node_3": [
        8.632034632034632,
        9.97,
        0.0,
        25.0,
        0.0
      ],
      "node_4": [
        5.348739495798319,
        6.365,
        0.0,
        18.0,
        0.0
      ],
      "node_5": [
        4.979253112033195,
        6.0,
        0.0,
        18.0,
        1.0
      ],
      "node_6": [
        3.971774193548387,
        4.925,
        0.0,
        13.0,
        0.0
      ],
      "node_7": [
        4.277310924369748,
        5.09,
        0.0,
        15.0,
        1.0
      ],
      "node_8": [
        6.533613445378151,
        7.775,
        0.0,
        22.0,
        0.0
      ],
      "node_9": [
        6.27734375,
        8.035,
        0.0,
        23.0,
        0.0
      ],
      "node_10": [
        7.515418502202643,
        8.53,
        0.0,
        19.0,
        0.0
      ],
      "node_11": [
        6.334645669291339,
        8.045,
        0.0,
        18.0,
        1.0
      ],
      "node_12": [
        7.4937759336099585,
        9.03,
        0.0,
        21.0,
        0.0
      ],
      "node_13": [
        7.552301255230126,
        9.025,
        0.0,
        19.0,
        1.0
      ],
      "node_14": [
        4.899193548387097,
        6.075,
        0.0,
        16.0,
        0.0
      ],
      "node_15": [
        9.552173913043479,
        10.985,
        0.0,
        22.0,
        0.0
      ],
      "node_16": [
        7.202429149797571,
        8.895,
        0.0,
        23.0,
        0.0
      ],
      "node_17": [
        5.975,
        7.17,
        0.0,
        17.0,
        0.0
      ],
      "node_18": [
        7.841628959276018,
        8.665,
        0.0,
        19.0,
        1.0
      ],
      "node_19": [
        6.521367521367521,
        7.63,
        0.0,
        20.0,
        0.0
      ],
      "node_20": [
        6.938524590163935,
        8.465,
        0.0,
        23.0,
        0.0
      ],
      "node_21": [
        8.110655737704919,
        9.895,
        0.0,
        20.0,
        0.0
      ],
      "node_22": [
        5.866952789699571,
        6.835,
        0.0,
        21.0,
        0.0
      ],
      "node_23": [
        6.2375,
        7.485,
        0.0,
        24.0,
        0.0
      ],
      "node_24": [
        5.08641975308642,
        6.18,
        0.0,
        14.0,
        0.0
      ],
      "node_25": [
        12.449799196787149,
        15.5,
        0.0,
        34.0,
        0.0
      ]
    },
    "similarity_matrix": [
      [
        1.0000000000000002,
        0.9997412040983054,
        0.9964373922240354,
        0.9997750248957986,
        0.999088313055275,
        0.9965448282453132,
        0.9997751877705578,
        0.9964810893028799,
        0.9990793179327953,
        0.9983755866724286,
        0.9976157353026543,
        0.997900178453362,
        0.9993345329152724,
        0.9957095876227735,
        0.9997932609208787,
        0.9936919108688019,
        0.9999204428058599,
        0.9995637951893181,
        0.9955673960460305,
        0.9998520522708936,
        0.999538953823233,
        0.9954702131354006,
        0.9975214182823088,
        0.9960580177743494,
        0.9989528866150528,
        0.9984852056090515
      ],
      [
        0.9997412040983054,
        1.0,
        0.9949654252110873,
        0.9999792045694922,
        0.9982868180686597,
        0.9952985920679511,
        0.9991871923612866,
        0.9954165252268344,
        0.9982740972324515,
        0.9970903246713209,
        0.9988171122739133,
        0.998307901975895,
        0.9998057080469515,
        0.9969785186561837,
        0.9992199997142589,
        0.9956290027914038,
        0.9994943436777058,
        0.9999222094802233,
        0.997081186348574,
        0.9996623589434673,
        0.9988549273678967,
        0.9969064571806382,
        0.9963107239288902,
        0.9944284990783391,
        0.9995608511827655,
        0.9991674056659419
      ],
      [
        0.9964373922240354,
        0.9949654252110873,
        1.0000000000000002,
        0.9955181039191803,
        0.9991141430249676,
        0.9985248020906268,
        0.9979976556277577,
        0.9977924441781816,
        0.9991232462283001,
        0.9994980212210492,
        0.9889771582830904,
        0.9907054994616229,
        0.992928616630772,
        0.9856162372715408,
        0.9979428486025841,
        0.9812682464972029,
        0.9974198274385194,
        0.9937924175327387,
        0.9860453287601072,
        0.9972335683752453,
        0.9985380245416715,
        0.9840894589269521,
        0.999895015514927,
        0.9999758864070489,
        0.9917061854353724,
        0.9903508769224516
      ],
      [
        0.9997750248957986,
        0.9999792045694922,
        0.9955181039191803,
        0.9999999999999999,
        0.9985897701056464,
        0.9957309678261359,
        0.9993484949578834,
        0.9958074859835265,
        0.9985782966577615,
        0.9974405350523632,
        0.9985446506426973,
        0.9980809818326496,
        0.9996585933766402,
        0.9965793681890946,
        0.9993762426991579,
        0.995088643642142,
        0.9996071544703339,
        0.999820997254333,
        0.9967611612886785,
        0.9997902296071476,
        0.9990768054283757,
        0.9964075323439765,
        0.9967834517038424,
        0.9949963393705094,
        0.9993515016004318,
        0.9988846433692923
      ],
      [
        0.999088313055275,
        0.9982868180686597,
        0.9991141430249676,
        0.9985897701056464,
        1.0000000000000002,
        0.9984140554194478,
        0.9997576066471728,
        0.9980282492067276,
        0.9999999763461074,
        0.9997732682920546,
        0.9942749751070752,
        0.9951657771783295,
        0.9970433488645034,
        0.9915932420985265,
        0.9997394731937875,
        0.9884589274684693,
        0.9995470960646557,
        0.9975917186780837,
        0.991815054164465,
        0.9994673500624324,
        0.9999207083881616,
        0.9906930009089208,
        0.9996129718151979,
        0.9988918692925728,
        0.9962359815665727,
        0.9953031750391227
      ],
      [
        0.9965448282453132,
        0.9952985920679511,
        0.9985248020906268,
        0.9957309678261359,
        0.9984140554194478,
        0.9999999999999999,
        0.9977116646540045,
        0.9999119794753797,
        0.9984192306623568,
        0.9985969303775589,
        0.990130901498557,
        0.9940716153737925,
        0.9936341648663024,
        0.9893967352330892,
        0.9976727282340347,
        0.9832543921374464,
        0.997289080322301,
        0.9943572561465269,
        0.9896543058639566,
        0.9970981979252339,
        0.9980742423297382,
        0.9858882807437847,
        0.9986751172331184,
        0.9984358090602631,
        0.9926000449196509,
        0.991453616963752
      ],
      [
        0.9997751877705578,
        0.9991871923612866,
        0.9979976556277577,
        0.9993484949578834,
        0.9997576066471728,
        0.9977116646540045,
        1.0,
        0.9974747817433404,
        0.9997531969717263,
        0.9993431465605009,
        0.9960688803142961,
        0.9967592491586904,
        0.9983765762081992,
        0.9938110211507168,
        0.9999996185099118,
        0.9911860312235664,
        0.9999608863382975,
        0.9987655125560554,
        0.9937848194447925,
        0.999845678356448,
        0.9999555393156859,
        0.9932527124159346,
        0.9987794131672909,
        0.9977148856708763,
        0.9977843139348214,
        0.997099827094985
      ],
      [
        0.9964810893028799,
        0.9954165252268344,
        0.9977924441781816,
        0.9958074859835265,
        0.9980282492067276,
        0.9999119794753797,
        0.9974747817433404,
        0.9999999999999997,
        0.9980315860066127,
        0.998043647034476,
        0.9906741273396233,
        0.994838595186827,
        0.9938911490117741,
        0.9904813940509359,
        0.9974431938872637,
        0.9841738735139771,
        0.9971285305463198,
        0.9945535544093053,
        0.990760588533387,
        0.9969957879011198,
        0.9977723249288706,
        0.9866391021852161,
        0.9980670257879687,
        0.9976490455578036,
        0.9929347109266328,
        0.9918550435875751
      ],
      [
        0.9990793179327953,
        0.9982740972324515,
        0.9991232462283001,
        0.9985782966577615,
        0.9999999763461074,
        0.9984192306623568,
        0.9997531969717263,
        0.9980315860066127,
        1.0000000000000002,
        0.9997766470475233,
        0.9942518582574041,
        0.9951474634161723,
        0.9970266248564627,
        0.9915668086518692,
        0.9997348736044419,
        0.9884260170635459,
        0.9995407695954798,
        0.9975766152709279,
        0.9917893612676953,
        0.9994602752952103,
        0.999918195901873,
        0.990663406666722,
        0.9996189319033383,
        0.9989020767344253,
        0.9962171365491318,
        0.9952822366452891
      ],
      [
        0.9983755866724286,
        0.9970903246713209,
        0.9994980212210492,
        0.9974405350523632,
        0.9997732682920546,
        0.9985969303775589,
        0.9993431465605009,
        0.998043647034476,
        0.9997766470475233,
        0.9999999999999998,
        0.9922151456918044,
        0.9938518763548028,
        0.9956596120572221,
        0.9894846821203468,
        0.9993115875404894,
        0.9857349419089753,
        0.9989844197880831,
        0.9963096188839982,
        0.9894665740385602,
        0.9986794461249282,
        0.9995909494785764,
        0.9884368801312864,
        0.9997570228846917,
        0.999423594696907,
        0.9947297399488878,
        0.9937348835055553
      ],
      [
        0.9976157353026543,
        0.9988171122739133,
        0.9889771582830904,
        0.9985446506426973,
        0.9942749751070752,
        0.990130901498557,
        0.9960688803142961,
        0.9906741273396233,
        0.9942518582574041,
        0.9922151456918044,
        1.0,
        0.9982079502598942,
        0.9994514710466806,
        0.9987953614525112,
        0.9961433670595574,
        0.9989657140794346,
        0.9968039131648302,
        0.9992178966280955,
        0.9988980946524622,
        0.9972324226660777,
        0.9953479202747094,
        0.9993770849252545,
        0.9910187959087389,
        0.9881602775165941,
        0.9996592854596956,
        0.999680307842871
      ],
      [
        0.997900178453362,
        0.998307901975895,
        0.9907054994616229,
        0.9980809818326496,
        0.9951657771783295,
        0.9940716153737925,
        0.9967592491586904,
        0.994838595186827,
        0.9951474634161723,
        0.9938518763548028,
        0.9982079502598942,
        1.0,
        0.9987274398720699,
        0.9991833957459207,
        0.9968148777369773,
        0.9962488093605457,
        0.9972795049277029,
        0.9986304906905024,
        0.9988028850235408,
        0.9973028557391457,
        0.9961317811778455,
        0.9974401703131226,
        0.9924022402013276,
        0.9901318104183937,
        0.9987765114755529,
        0.9987536786541793
      ],
      [
        0.9993345329152724,
        0.9998057080469515,
        0.992928616630772,
        0.9996585933766402,
        0.9970433488645034,
        0.9936341648663024,
        0.9983765762081992,
        0.9938911490117741,
        0.9970266248564627,
        0.9956596120572221,
        0.9994514710466806,
        0.9987274398720699,
        1.0,
        0.9979878714449674,
        0.9984255869083788,
        0.9971180467160571,
        0.998841183969226,
        0.9999715667780537,
        0.9978866038029082,
        0.9989901646215426,
        0.9978586956437433,
        0.9982226678849497,
        0.9945326951535878,
        0.9923314163292105,
        0.9999499905679876,
        0.9997773191897256
      ],
      [
        0.9957095876227735,
        0.9969785186561837,
        0.9856162372715408,
        0.9965793681890946,
        0.9915932420985265,
        0.9893967352330892,
        0.9938110211507168,
        0.9904813940509359,
        0.9915668086518692,
        0.9894846821203468,
        0.9987953614525112,
        0.9991833957459207,
        0.9979878714449674,
        1.0000000000000002,
        0.9938990787217101,
        0.9984985474930387,
        0.9946715679720589,
        0.9976257971264835,
        0.9997883247781115,
        0.9949973518535862,
        0.9929097400737803,
        0.9988798111026129,
        0.9878645111565227,
        0.9847845239675641,
        0.9983736188091561,
        0.9986239494425401
      ],
      [
        0.9997932609208787,
        0.9992199997142589,
        0.9979428486025841,
        0.9993762426991579,
        0.9997394731937875,
        0.9976727282340347,
        0.9999996185099118,
        0.9974431938872637,
        0.9997348736044419,
        0.9993115875404894,
        0.9961433670595574,
        0.9968148777369773,
        0.9984255869083788,
        0.9938990787217101,
        1.0000000000000002,
        0.9912999823274988,
        0.9999681921194639,
        0.9988079912154746,
        0.9938695783460701,
        0.9998558014358029,
        0.9999474819434813,
        0.9933535625511993,
        0.9987371999078208,
        0.9976557248482651,
        0.9978418867908859,
        0.9971659176037173
      ],
      [
        0.9936919108688019,
        0.9956290027914038,
        0.9812682464972029,
        0.995088643642142,
        0.9884589274684693,
        0.9832543921374464,
        0.9911860312235664,
        0.9841738735139771,
        0.9884260170635459,
        0.9857349419089753,
        0.9989657140794346,
        0.9962488093605457,
        0.9971180467160571,
        0.9984985474930387,
        0.9912999823274988,
        1.0,
        0.992317166212048,
        0.9965430253436682,
        0.9983920547670064,
        0.9928691072406488,
        0.9900617281702883,
        0.999754688178033,
        0.9839551249113271,
        0.9802368019953775,
        0.997775217768796,
        0.9982514966443101
      ],
      [
        0.9999204428058599,
        0.9994943436777058,
        0.9974198274385194,
        0.9996071544703339,
        0.9995470960646557,
        0.997289080322301,
        0.9999608863382975,
        0.9971285305463198,
        0.9995407695954798,
        0.9989844197880831,
        0.9968039131648302,
        0.9972795049277029,
        0.998841183969226,
        0.9946715679720589,
        0.9999681921194639,
        0.992317166212048,
        1.0000000000000002,
        0.9991650791323182,
        0.994629930092921,
        0.9999236758280177,
        0.9998420998896405,
        0.9942375503605361,
        0.9983295121491002,
        0.9970889538352606,
        0.9983335419124367,
        0.9977296683022921
      ],
      [
        0.9995637951893181,
        0.9999222094802233,
        0.9937924175327387,
        0.999820997254333,
        0.9975917186780837,
        0.9943572561465269,
        0.9987655125560554,
        0.9945535544093053,
        0.9975766152709279,
        0.9963096188839982,
        0.9992178966280955,
        0.9986304906905024,
        0.9999715667780537,
        0.9976257971264835,
        0.9988079912154746,
        0.9965430253436682,
        0.9991650791323182,
        1.0000000000000002,
        0.9975707985178991,
        0.9993005331809539,
        0.9983163785690287,
        0.9977461806473421,
        0.9952900651879757,
        0.9932280758168718,
        0.9998463384956658,
        0.9995951835784317
      ],
      [
        0.9955673960460305,
        0.997081186348574,
        0.9860453287601072,
        0.9967611612886785,
        0.991815054164465,
        0.9896543058639566,
        0.9937848194447925,
        0.990760588533387,
        0.9917893612676953,
        0.9894665740385602,
        0.9988980946524622,
        0.9988028850235408,
        0.9978866038029082,
        0.9997883247781115,
        0.9938695783460701,
        0.9983920547670064,
        0.994629930092921,
        0.9975707985178991,
        1.0,
        0.9951847516918588,
        0.9929858983635608,
        0.998502878508962,
        0.9882636968535341,
        0.9851348128052092,
        0.9981970344453074,
        0.9982903753296336
      ],
      [
        0.9998520522708936,
        0.9996623589434673,
        0.9972335683752453,
        0.9997902296071476,
        0.9994673500624324,
        0.9970981979252339,
        0.999845678356448,
        0.9969957879011198,
        0.9994602752952103,
        0.9986794461249282,
        0.9972324226660777,
        0.9973028557391457,
        0.9989901646215426,
        0.9949973518535862,
        0.9998558014358029,
        0.9928691072406488,
        0.9999236758280177,
        0.9993005331809539,
        0.9951847516918588,
        0.9999999999999999,
        0.9997393420284786,
        0.9945480522002369,
        0.9982041500051031,
        0.9968290809841004,
        0.9984916124261981,
        0.9978484013119892
      ],
      [
        0.999538953823233,
        0.9988549273678967,
        0.9985380245416715,
        0.9990768054283757,
        0.9999207083881616,
        0.9980742423297382,
        0.9999555393156859,
        0.9977723249288706,
        0.999918195901873,
        0.9995909494785764,
        0.9953479202747094,
        0.9961317811778455,
        0.9978586956437433,
        0.9929097400737803,
        0.9999474819434813,
        0.9900617281702883,
        0.9998420998896405,
        0.9983163785690287,
        0.9929858983635608,
        0.9997393420284786,
        1.0,
        0.9922048134249071,
        0.9991971993715758,
        0.998282560072399,
        0.9971738442189123,
        0.996383377092439
      ],
      [
        0.9954702131354006,
        0.9969064571806382,
        0.9840894589269521,
        0.9964075323439765,
        0.9906930009089208,
        0.9858882807437847,
        0.9932527124159346,
        0.9866391021852161,
        0.990663406666722,
        0.9884368801312864,
        0.9993770849252545,
        0.9974401703131226,
        0.9982226678849497,
        0.9988798111026129,
        0.9933535625511993,
        0.999754688178033,
        0.9942375503605361,
        0.9977461806473421,
        0.998502878508962,
        0.9945480522002369,
        0.9922048134249071,
        1.0,
        0.986542079238399,
        0.9832102349366895,
        0.9987622384345025,
        0.9991869370053563
      ],
      [
        0.9975214182823088,
        0.9963107239288902,
        0.999895015514927,
        0.9967834517038424,
        0.9996129718151979,
        0.9986751172331184,
        0.9987794131672909,
        0.9980670257879687,
        0.9996189319033383,
        0.9997570228846917,
        0.9910187959087389,
        0.9924022402013276,
        0.9945326951535878,
        0.9878645111565227,
        0.9987371999078208,
        0.9839551249113271,
        0.9983295121491002,
        0.9952900651879757,
        0.9882636968535341,
        0.9982041500051031,
        0.9991971993715758,
        0.986542079238399,
        1.0000000000000002,
        0.9997929508891715,
        0.993448826982189,
        0.9922263583016716
      ],
      [
        0.9960580177743494,
        0.9944284990783391,
        0.9999758864070489,
        0.9949963393705094,
        0.9988918692925728,
        0.9984358090602631,
        0.9977148856708763,
        0.9976490455578036,
        0.9989020767344253,
        0.999423594696907,
        0.9881602775165941,
        0.9901318104183937,
        0.9923314163292105,
        0.9847845239675641,
        0.9976557248482651,
        0.9802368019953775,
        0.9970889538352606,
        0.9932280758168718,
        0.9851348128052092,
        0.9968290809841004,
        0.998282560072399,
        0.9832102349366895,
        0.9997929508891715,
        1.0,
        0.991069439014097,
        0.9896944037470173
      ],
      [
        0.9989528866150528,
        0.9995608511827655,
        0.9917061854353724,
        0.9993515016004318,
        0.9962359815665727,
        0.9926000449196509,
        0.9977843139348214,
        0.9929347109266328,
        0.9962171365491318,
        0.9947297399488878,
        0.9996592854596956,
        0.9987765114755529,
        0.9999499905679876,
        0.9983736188091561,
        0.9978418867908859,
        0.997775217768796,
        0.9983335419124367,
        0.9998463384956658,
        0.9981970344453074,
        0.9984916124261981,
        0.9971738442189123,
        0.9987622384345025,
        0.993448826982189,
        0.991069439014097,
        1.0,
        0.9999345702571723
      ],
      [
        0.9984852056090515,
        0.9991674056659419,
        0.9903508769224516,
        0.9988846433692923,
        0.9953031750391227,
        0.991453616963752,
        0.997099827094985,
        0.9918550435875751,
        0.9952822366452891,
        0.9937348835055553,
        0.999680307842871,
        0.9987536786541793,
        0.9997773191897256,
        0.9986239494425401,
        0.9971659176037173,
        0.9982514966443101,
        0.9977296683022921,
        0.9995951835784317,
        0.9982903753296336,
        0.9978484013119892,
        0.996383377092439,
        0.9991869370053563,
        0.9922263583016716,
        0.9896944037470173,
        0.9999345702571723,
        1.0
      ]
    ],
    "similarity_node_order": [
      "node_0",
      "node_1",
      "node_2",
      "node_3",
      "node_4",
      "node_5",
      "node_6",
      "node_7",
      "node_8",
      "node_9",
      "node_10",
      "node_11",
      "node_12",
      "node_13",
      "node_14",
      "node_15",
      "node_16",
      "node_17",
      "node_18",
      "node_19",
      "node_20",
      "node_21",
      "node_22",
      "node_23",
      "node_24",
      "node_25"
    ]
  },
  "cluster_info": {
    "cluster_0": {
      "avg_flow": 0.01,
      "members": [
        "node_0",
        "node_1",
        "node_2",
        "node_3"
      ],
      "congestion": 5.820478743478743
    },
    "cluster_1": {
      "avg_flow": 0.01,
      "members": [
        "node_4",
        "node_5",
        "node_6",
        "node_7"
      ],
      "congestion": 4.644269431437412
    },
    "cluster_2": {
      "avg_flow": 0.01,
      "members": [
        "node_8",
        "node_9",
        "node_10",
        "node_11"
      ],
      "congestion": 6.665255341718034
    },
    "cluster_3": {
      "avg_flow": 0.01,
      "members": [
        "node_12",
        "node_13",
        "node_14",
        "node_15"
      ],
      "congestion": 7.374361162567665
    },
    "cluster_4": {
      "avg_flow": 0.01,
      "members": [
        "node_16",
        "node_17",
        "node_18",
        "node_19"
      ],
      "congestion": 6.885106407610278
    },
    "cluster_5": {
      "avg_flow": 0.01,
      "members": [
        "node_20",
        "node_21",
        "node_22",
        "node_23"
      ],
      "congestion": 6.788408279392106
    },
    "cluster_6": {
      "avg_flow": 0.01,
      "members": [
        "node_24",
        "node_25"
      ],
      "congestion": 8.768109474936784
    }
  },
  "nodes": {
    "node_0": {
      "node_id": "node_0",
      "cluster_id": "cluster_0",
      "total_reward": -120.20000000000003,
      "avg_waiting_time": 4.808,
      "loss": 0.25318801403045654,
      "metrics": {
        "total_waiting_time": 1202.0,
        "total_vehicles": 250,
        "average_queue_length": 6.01,
        "max_queue_length": 15,
        "steps": 200,
        "avg_waiting_time_per_vehicle": 4.808,
        "green_signal_time": {
          "per_edge": {
            "edge_n": 5.0,
            "edge_e": 9.5,
            "edge_s": 5.0,
            "edge_w": 5.0
          },
          "avg_gst": 6.125,
          "num_lanes": 4,
          "min_green_time": 5.0,
          "max_green_time": 30.0
        },
        "safety": {
          "total_accidents": 0,
          "near_misses": 0,
          "safety_score": 100
        },
        "per_lane_metrics": {
          "edge_n_0": {
            "edge_id": "edge_n",
            "lane_id": "edge_n_0",
            "vehicle_count": 0,
            "queue_length": 0,
            "waiting_time": 23.0,
            "average_speed": 2.815277856560761,
            "occupancy_percent": 0,
            "green_signal_time": 0,
            "vehicle_types": {
              "car": 0
            },
            "lane_length": 100.0
          },
          "edge_e_0": {
            "edge_id": "edge_e",
            "lane_id": "edge_e_0",
            "vehicle_count": 3,
            "queue_length": 3,
            "waiting_time": 104.0,
            "average_speed": 2.39897099219539,
            "occupancy_percent": 15,
            "green_signal_time": 0,
            "vehicle_types": {
              "car": 3
            },
            "lane_length": 100.0
          },
          "edge_s_0": {
            "edge_id": "edge_s",
            "lane_id": "edge_s_0",
            "vehicle_count": 0,
            "queue_length": 0,
            "waiting_time": 0.0,
            "average_speed": 0.8522646794054123,
            "occupancy_percent": 0,
            "green_signal_time": 0,
            "vehicle_types": {
              "car": 0
            },
            "lane_length": 100.0
          },
          "edge_w_0": {
            "edge_id": "edge_w",
            "lane_id": "edge_w_0",
            "vehicle_count": 0,
            "queue_length": 0,
            "waiting_time": 5.0,
            "average_speed": 5.059687543246275,
            "occupancy_percent": 0,
            "green_signal_time": 0,
            "vehicle_types": {
              "car": 0
            },
            "lane_length": 100.0
          }
        },
        "lane_summary": {
          "total_waiting_time": 1202.0,
          "total_queue_length": 6.01,
          "num_congested_lanes": 0.0,
          "total_lanes": 4.0,
          "average_gst": 0.0,
          "min_gst": 0.0,
          "max_gst": 0.0,
          "max_queue_length": 15.0,
          "max_waiting_time": 1202.0,
          "average_speed": 0.0,
          "num_active_lanes": 1.0,
          "total_occupancy": 30.049999999999997,
          "total_vehicles": 250
        },
        "total_reward": -120.20000000000003
      }
    },
    "node_1": {
      "node_id": "node_1",
      "cluster_id": "cluster_0",
      "total_reward": -130.09999999999997,
      "avg_waiting_time": 5.55982905982906,
      "loss": 0.2722175419330597,
      "metrics": {
        "total_waiting_time": 1301.0,
        "total_vehicles": 234,
        "average_queue_length": 6.505,
        "max_queue_length": 16,
        "steps": 200,
        "avg_waiting_time_per_vehicle": 5.55982905982906,
        "green_signal_time": {
          "per_edge": {
            "edge_n": 11.0,
            "edge_e": 6.5,
            "edge_s": 6.5,
            "edge_w": 6.5
          },
          "avg_gst": 7.625,
          "num_lanes": 4,
          "min_green_time": 5.0,
          "max_green_time": 30.0
        },
        "safety": {
          "total_accidents": 0,
          "near_misses": 0,
          "safety_score": 100
        },
        "per_lane_metrics": {
          "edge_n_0": {
            "edge_id": "edge_n",
            "lane_id": "edge_n_0",
            "vehicle_count": 4,
            "queue_length": 4,
            "waiting_time": 86.0,
            "average_speed": 4.424900792239573,
            "occupancy_percent": 20,
            "green_signal_time": 0,
            "vehicle_types": {
              "car": 4
            },
            "lane_length": 100.0
          },
          "edge_e_0": {
            "edge_id": "edge_e",
            "lane_id": "edge_e_0",
            "vehicle_count": 1,
            "queue_length": 1,
            "waiting_time": 13.0,
            "average_speed": 4.396773297584405,
            "occupancy_percent": 5,
            "green_signal_time": 0,
            "vehicle_types": {
              "car": 1
            },
            "lane_length": 100.0
          },
          "edge_s_0": {
            "edge_id": "edge_s",
            "lane_id": "edge_s_0",
            "vehicle_count": 1,
            "queue_length": 1,
            "waiting_time": 2.0,
            "average_speed": 2.481617202134787,
            "occupancy_percent": 5,
            "green_signal_time": 0,
            "vehicle_types": {
              "car": 1
            },
            "lane_length": 100.0
          },
          "edge_w_0": {
            "edge_id": "edge_w",
            "lane_id": "edge_w_0",
            "vehicle_count": 1,
            "queue_length": 1,
            "waiting_time": 160.0,
            "average_speed": 1.5686671109372292,
            "occupancy_percent": 5,
            "green_signal_time": 0,
            "vehicle_types": {
              "car": 1
            },
            "lane_length": 100.0
          }
        },
        "lane_summary": {
          "total_waiting_time": 1301.0,
          "total_queue_length": 6.505,
          "num_congested_lanes": 0.0,
          "total_lanes": 4.0,
          "average_gst": 0.0,
          "min_gst": 0.0,
          "max_gst": 0.0,
          "max_queue_length": 16.0,
          "max_waiting_time": 1301.0,
          "average_speed": 0.0,
          "num_active_lanes": 4.0,
          "total_occupancy": 32.525,
          "total_vehicles": 234
        },
        "total_reward": -130.09999999999997
      }
    },
    "node_10": {
      "node_id": "node_10",
      "cluster_id": "cluster_2",
      "total_reward": -170.6000000000001,
      "avg_waiting_time": 7.515418502202643,
      "loss": 0.4362386465072632,
      "metrics": {
        "total_waiting_time": 1706.0,
        "total_vehicles": 227,
        "average_queue_length": 8.53,
        "max_queue_length": 19,
        "steps": 200,
        "avg_waiting_time_per_vehicle": 7.515418502202643,
        "green_signal_time": {
          "per_edge": {
            "edge_n": 8.0,
            "edge_e": 6.5,
            "edge_s": 9.5,
            "edge_w": 12.5
          },
          "avg_gst": 9.125,
          "num_lanes": 4,
          "min_green_time": 5.0,
          "max_green_time": 30.0
        },
        "safety": {
          "total_accidents": 0,
          "near_misses": 0,
          "safety_score": 100
        },
        "per_lane_metrics": {
          "edge_n_0": {
            "edge_id": "edge_n",
            "lane_id": "edge_n_0",
            "vehicle_count": 2,
            "queue_length": 2,
            "waiting_time": 205.0,
            "average_speed": 0.03279277713226558,
            "occupancy_percent": 10,
            "green_signal_time": 0,
            "vehicle_types": {
              "car": 2
            },
            "lane_length": 100.0
          },
          "edge_e_0": {
            "edge_id": "edge_e",
            "lane_id": "edge_e_0",
            "vehicle_count": 1,
            "queue_length": 1,
            "waiting_time": 20.0,
            "average_speed": 2.9830712172275184,
            "occupancy_percent": 5,
            "green_signal_time": 0,
            "vehicle_types": {
              "car": 1
            },
            "lane_length": 100.0
          },
          "edge_s_0": {
            "edge_id": "edge_s",
            "lane_id": "edge_s_0",
            "vehicle_count": 3,
            "queue_length": 3,
            "waiting_time": 204.0,
            "average_speed": 2.8522374050994426,
            "occupancy_percent": 15,
            "green_signal_time": 0,
            "vehicle_types": {
              "car": 3
            },
            "lane_length": 100.0
          },
          "edge_w_0": {
            "edge_id": "edge_w",
            "lane_id": "edge_w_0",
            "vehicle_count": 5,
            "queue_length": 5,
            "waiting_time": 229.0,
            "average_speed": 3.8477200657540127,
            "occupancy_percent": 25,
            "green_signal_time": 0,
            "vehicle_types": {
              "car": 5
            },
            "lane_length": 100.0
          }
        },
        "lane_summary": {
          "total_waiting_time": 1706.0,
          "total_queue_length": 8.53,
          "num_congested_lanes": 0.0,
          "total_lanes": 4.0,
          "average_gst": 0.0,
          "min_gst": 0.0,
          "max_gst": 0.0,
          "max_queue_length": 19.0,
          "max_waiting_time": 1706.0,
          "average_speed": 0.0,
          "num_active_lanes": 4.0,
          "total_occupancy": 42.65,
          "total_vehicles": 227
        },
        "total_reward": -170.6000000000001
      }
    },
    "node_11": {
      "node_id": "node_11",
      "cluster_id": "cluster_2",
      "total_reward": -160.9,
      "avg_waiting_time": 6.334645669291339,
      "loss": 0.4246707856655121,
      "metrics": {
        "total_waiting_time": 1609.0,
        "total_vehicles": 254,
        "average_queue_length": 8.045,
        "max_queue_length": 18,
        "steps": 200,
        "avg_waiting_time_per_vehicle": 6.334645669291339,
        "green_signal_time": {
          "per_edge": {
            "edge_n": 8.0,
            "edge_e": 11.0,
            "edge_s": 6.5,
            "edge_w": 17.0
          },
          "avg_gst": 10.625,
          "num_lanes": 4,
          "min_green_time": 5.0,
          "max_green_time": 30.0
        },
        "safety": {
          "total_accidents": 0,
          "near_misses": 0,
          "safety_score": 100
        },
        "per_lane_metrics": {
          "edge_n_0": {
            "edge_id": "edge_n",
            "lane_id": "edge_n_0",
            "vehicle_count": 2,
            "queue_length": 2,
            "waiting_time": 33.0,
            "average_speed": 3.6231964585926617,
            "occupancy_percent": 10,
            "green_signal_time": 0,
            "vehicle_types": {
              "car": 2
            },
            "lane_length": 100.0
          },
          "edge_e_0": {
            "edge_id": "edge_e",
            "lane_id": "edge_e_0",
            "vehicle_count": 4,
            "queue_length": 4,
            "waiting_time": 41.0,
            "average_speed": 3.1343805316369258,
            "occupancy_percent": 20,
            "green_signal_time": 0,
            "vehicle_types": {
              "car": 4
            },
            "lane_length": 100.0
          },
          "edge_s_0": {
            "edge_id": "edge_s",
            "lane_id": "edge_s_0",
            "vehicle_count": 1,
            "queue_length": 1,
            "waiting_time": 52.0,
            "average_speed": 0.9260553134671373,
            "occupancy_percent": 5,
            "green_signal_time": 0,
            "vehicle_types": {
              "car": 1
            },
            "lane_length": 100.0
          },
          "edge_w_0": {
            "edge_id": "edge_w",
            "lane_id": "edge_w_0",
            "vehicle_count": 8,
            "queue_length": 8,
            "waiting_time": 414.0,
            "average_speed": 3.409036744707277,
            "occupancy_percent": 40,
            "green_signal_time": 0,
            "vehicle_types": {
              "car": 8
            },
            "lane_length": 100.0
          }
        },
        "lane_summary": {
          "total_waiting_time": 1609.0,
          "total_queue_length": 8.045,
          "num_congested_lanes": 1.0,
          "total_lanes": 4.0,
          "average_gst": 0.0,
          "min_gst": 0.0,
          "max_gst": 0.0,
          "max_queue_length": 18.0,
          "max_waiting_time": 1609.0,
          "average_speed": 0.0,
          "num_active_lanes": 4.0,
          "total_occupancy": 40.225,
          "total_vehicles": 254
        },
        "total_reward": -160.9
      }
    },
    "node_12": {
      "node_id": "node_12",
      "cluster_id": "cluster_3",
      "total_reward": -180.5999999999999,
      "avg_waiting_time": 7.4937759336099585,
      "loss": 0.3451930284500122,
      "metrics": {
        "total_waiting_time": 1806.0,
        "total_vehicles": 241,
        "average_queue_length": 9.03,
        "max_queue_length": 21,
        "steps": 200,
        "avg_waiting_time_per_vehicle": 7.4937759336099585,
        "green_signal_time": {
          "per_edge": {
            "edge_n": 6.5,
            "edge_e": 5.0,
            "edge_s": 5.0,
            "edge_w": 5.0
          },
          "avg_gst": 5.375,
          "num_lanes": 4,
          "min_green_time": 5.0,
          "max_green_time": 30.0
        },
        "safety": {
          "total_accidents": 0,
          "near_misses": 0,
          "safety_score": 100
        },
        "per_lane_metrics": {
          "edge_n_0": {
            "edge_id": "edge_n",
            "lane_id": "edge_n_0",
            "vehicle_count": 1,
            "queue_length": 1,
            "waiting_time": 114.0,
            "average_speed": 0.6480290619652229,
            "occupancy_percent": 5,
            "green_signal_time": 0,
            "vehicle_types": {
              "car": 1
            },
            "lane_length": 100.0
          },
          "edge_e_0": {
            "edge_id": "edge_e",
            "lane_id": "edge_e_0",
            "vehicle_count": 0,
            "queue_length": 0,
            "waiting_time": 278.0,
            "average_speed": 10.235369921039634,
            "occupancy_percent": 0,
            "green_signal_time": 0,
            "vehicle_types": {
              "car": 0
            },
            "lane_length": 100.0
          },
          "edge_s_0": {
            "edge_id": "edge_s",
            "lane_id": "edge_s_0",
            "vehicle_count": 0,
            "queue_length": 0,
            "waiting_time": 16.0,
            "average_speed": 9.413017625563073,
            "occupancy_percent": 0,
            "green_signal_time": 0,
            "vehicle_types": {
              "car": 0
            },
            "lane_length": 100.0
          },
          "edge_w_0": {
            "edge_id": "edge_w",
            "lane_id": "edge_w_0",
            "vehicle_count": 0,
            "queue_length": 0,
            "waiting_time": 285.0,
            "average_speed": 3.652351946073384,
            "occupancy_percent": 0,
            "green_signal_time": 0,
