{
  "round": 4,
  "mode": "Mock",
  "clustering": {
    "assignments": {
      "node_0": 5,
      "node_1": 5,
      "node_2": 4,
      "node_3": 4,
      "node_4": 0,
      "node_5": 0,
      "node_6": 2,
      "node_7": 4,
      "node_8": 2,
      "node_9": 0,
      "node_10": 0,
      "node_11": 0,
      "node_12": 0,
      "node_13": 0,
      "node_14": 1,
      "node_15": 1,
      "node_16": 0,
      "node_17": 0,
      "node_18": 4,
      "node_19": 4,
      "node_20": 4,
      "node_21": 4,
      "node_22": 0,
      "node_23": 3,
      "node_24": 5,
      "node_25": 5
    },
    "groups": {
      "5": [
        "node_0",
        "node_1",
        "node_24",
        "node_25"
      ],
      "4": [
        "node_2",
        "node_3",
        "node_7",
        "node_18",
        "node_19",
        "node_20",
        "node_21"
      ],
      "0": [
        "node_4",
        "node_5",
        "node_9",
        "node_10",
        "node_11",
        "node_12",
        "node_13",
        "node_16",
        "node_17",
        "node_22"
      ],
      "2": [
        "node_6",
        "node_8"
      ],
      "1": [
        "node_14",
        "node_15"
      ],
      "3": [
        "node_23"
      ]
    },
    "fingerprints": {
      "node_0": [
        7.504098360655738,
        9.155,
        0.0,
        25.0,
        0.0
      ],
      "node_1": [
        7.8796680497925315,
        9.495,
        0.0,
        22.0,
        0.0
      ],
      "node_2": [
        3.587982832618026,
        4.18,
        0.0,
        11.0,
        0.0
      ],
      "node_3": [
        5.0524017467248905,
        5.785,
        0.0,
        16.0,
        0.0
      ],
      "node_4": [
        5.594017094017094,
        6.545,
        0.0,
        15.0,
        0.0
      ],
      "node_5": [
        6.346153846153846,
        8.25,
        0.0,
        15.0,
        0.0
      ],
      "node_6": [
        5.431451612903226,
        6.735,
        0.0,
        19.0,
        1.0
      ],
      "node_7": [
        4.6835443037974684,
        5.55,
        0.0,
        15.0,
        0.0
      ],
      "node_8": [
        5.647058823529412,
        6.72,
        0.0,
        14.0,
        1.0
      ],
      "node_9": [
        5.786026200873362,
        6.625,
        0.0,
        15.0,
        0.0
      ],
      "node_10": [
        6.408510638297872,
        7.53,
        0.0,
        17.0,
        0.0
      ],
      "node_11": [
        5.478260869565218,
        6.3,
        0.0,
        15.0,
        0.0
      ],
      "node_12": [
        5.582644628099174,
        6.755,
        0.0,
        21.0,
        0.0
      ],
      "node_13": [
        5.871485943775101,
        7.31,
        0.0,
        16.0,
        0.0
      ],
      "node_14": [
        10.334615384615384,
        13.435,
        0.0,
        35.0,
        1.0
      ],
      "node_15": [
        13.842794759825328,
        15.85,
        0.0,
        36.0,
        1.0
      ],
      "node_16": [
        6.306306306306307,
        7.0,
        0.0,
        18.0,
        0.0
      ],
      "node_17": [
        6.493449781659389,
        7.435,
        0.0,
        17.0,
        0.0
      ],
      "node_18": [
        3.706896551724138,
        4.3,
        0.0,
        12.0,
        0.0
      ],
      "node_19": [
        4.9346938775510205,
        6.045,
        0.0,
        14.0,
        0.0
      ],
      "node_20": [
        4.506607929515418,
        5.115,
        0.0,
        14.0,
        0.0
      ],
      "node_21": [
        4.686098654708521,
        5.225,
        0.0,
        11.0,
        0.0
      ],
      "node_22": [
        5.231404958677686,
        6.33,
        0.0,
        16.0,
        0.0
      ],
      "node_23": [
        8.526104417670682,
        10.615,
        0.0,
        31.0,
        0.0
      ],
      "node_24": [
        7.135021097046414,
        8.455,
        0.0,
        23.0,
        0.0
      ],
      "node_25": [
        7.907079646017699,
        8.935,
        0.0,
        25.0,
        0.0
      ]
    },
    "similarity_matrix": [
      [
        0.9999999999999999,
        0.997622539168413,
        0.9997072869656588,
        0.9998951850391476,
        0.9968474590335868,
        0.9864006905548733,
        0.9987382738321195,
        0.9999434379451565,
        0.9912394200048523,
        0.9960127782909808,
        0.9963878756838472,
        0.997756899564623,
        0.9988994891766523,
        0.9961337245658375,
        0.9995418885530246,
        0.9958466520644532,
        0.9989840751747079,
        0.996380522545459,
        0.999943499259053,
        0.9978042622389736,
        0.9998214907445011,
        0.9918819000728482,
        0.9994874908806278,
        0.999588638739776,
        0.9999622876863596,
        0.9998635084857508
      ],
      [
        0.997622539168413,
        1.0000000000000002,
        0.9988722161456298,
        0.9979121470024169,
        0.9999249158000796,
        0.995254145741892,
        0.9953282926059472,
        0.9981778736186161,
        0.996976517067029,
        0.9997366738728357,
        0.9998582143014623,
        0.9999315158165535,
        0.9933017863692835,
        0.9997892196903142,
        0.9977165234129709,
        0.9994749544279614,
        0.9993947386457867,
        0.9998102372582647,
        0.9975672972824324,
        0.9999887479939958,
        0.9982252330472768,
        0.998193907863018,
        0.999317107616514,
        0.9952448553957127,
        0.9980218604631127,
        0.9977263980790799
      ],
      [
        0.9997072869656588,
        0.9988722161456298,
        0.9999999999999999,
        0.9998529964023228,
        0.9983871148207025,
        0.9895200624012547,
        0.9980853728840201,
        0.9999033018953558,
        0.9935897761010097,
        0.9978095114983244,
        0.9980437703936594,
        0.9990451554816733,
        0.9975938338840802,
        0.9977165451700284,
        0.9993007558321383,
        0.9976124445052319,
        0.9997794810560646,
        0.9980825632336466,
        0.999749102903645,
        0.9989561020272562,
        0.9999215890427291,
        0.9945764810653812,
        0.999915269368808,
        0.9986319713698005,
        0.9998661038733947,
        0.9997975456837227
      ],
      [
        0.9998951850391476,
        0.9979121470024169,
        0.9998529964023228,
        1.0,
        0.99728621569771,
        0.986898821480114,
        0.9985124070265576,
        0.9999673204909753,
        0.9918262479867408,
        0.9965738748025068,
        0.996843206151634,
        0.9981803470343358,
        0.998574843671565,
        0.9964123090288671,
        0.9992989019408486,
        0.9964000447265738,
        0.9993755306330754,
        0.9969181428748406,
        0.9999801687834043,
        0.9980269364012565,
        0.9999826058606446,
        0.9927435786584655,
        0.9995719902376157,
        0.9992838385634344,
        0.9999726791650926,
        0.999993437155249
      ],
      [
        0.9968474590335868,
        0.9999249158000796,
        0.9983871148207025,
        0.99728621569771,
        1.0,
        0.9959669089332372,
        0.9943838148413244,
        0.9975329029526038,
        0.9974077959457363,
        0.9999425620035604,
        0.9999830113440158,
        0.9999041621711535,
        0.9920782800297816,
        0.9998423977984773,
        0.9969280441626478,
        0.9996669872685278,
        0.99916643197048,
        0.9999731902318778,
        0.9968652538002016,
        0.9998589824783404,
        0.9976686589305449,
        0.9988263930869473,
        0.9988698750854961,
        0.9941619671538268,
        0.9973517020584797,
        0.9970973556976089
      ],
      [
        0.9864006905548733,
        0.995254145741892,
        0.9895200624012547,
        0.986898821480114,
        0.9959669089332372,
        1.0,
        0.9827797315085587,
        0.9876429730961116,
        0.9968087667260503,
        0.9965357079664494,
        0.9964670420589213,
        0.9946298510536417,
        0.977627651083703,
        0.9970075890507376,
        0.9875890490070084,
        0.99614504975312,
        0.9914760177693644,
        0.9962051670336424,
        0.9860855253864059,
        0.9950738050437383,
        0.9876928591099142,
        0.9983807998115974,
        0.9910850185622708,
        0.9814242299368695,
        0.9872474613679358,
        0.9864338392242196
      ],
      [
        0.9987382738321195,
        0.9953282926059472,
        0.9980853728840201,
        0.9985124070265576,
        0.9943838148413244,
        0.9827797315085587,
        1.0,
        0.9985328747250339,
        0.9911103457737848,
        0.9933959738481221,
        0.9938425720457758,
        0.9954766295117995,
        0.9983323862807542,
        0.9935867666583447,
        0.9994271309215518,
        0.9943979628975925,
        0.997063460978655,
        0.9938270255779624,
        0.998653435160016,
        0.995561914170393,
        0.9983496894435259,
        0.988690979776208,
        0.9977442193783077,
        0.9987636978218545,
        0.9985896143975129,
        0.998506829928362
      ],
      [
        0.9999434379451565,
        0.9981778736186161,
        0.9999033018953558,
        0.9999673204909753,
        0.9975329029526038,
        0.9876429730961116,
        0.9985328747250339,
        1.0,
        0.9922342777671487,
        0.996811570239316,
        0.9971167691853503,
        0.9983524981952044,
        0.9984487864131135,
        0.9968017989029301,
        0.9994753071119252,
        0.9966331971008091,
        0.9994031042629568,
        0.9971419113154882,
        0.9999493584294108,
        0.9983123506081893,
        0.9999540909916483,
        0.9930509890308616,
        0.9997178212338012,
        0.9992625023185648,
        0.9999967794000595,
        0.999932484576008
      ],
      [
        0.9912394200048523,
        0.996976517067029,
        0.9935897761010097,
        0.9918262479867408,
        0.9974077959457363,
        0.9968087667260503,
        0.9911103457737848,
        0.9922342777671487,
        1.0000000000000002,
        0.9976860847269771,
        0.9976182130497737,
        0.9967807137071796,
        0.9846612364267653,
        0.9976602028193371,
        0.993257452416029,
        0.9988060668265532,
        0.9950082306968661,
        0.9975508498624336,
        0.9912004934569573,
        0.9968230528627076,
        0.9924146497188875,
        0.9979945730538718,
        0.9944913004579338,
        0.9874750374479476,
        0.9919551458865314,
        0.9915362146567357
      ],
      [
        0.9960127782909808,
        0.9997366738728357,
        0.9978095114983244,
        0.9965738748025068,
        0.9999425620035604,
        0.9965357079664494,
        0.9933959738481221,
        0.996811570239316,
        0.9976860847269771,
        1.0,
        0.9999729048500247,
        0.9997468908419822,
        0.9908256702009239,
        0.9997828785593856,
        0.9960970106401896,
        0.999711634170384,
        0.9988136004059914,
        0.9999908730123845,
        0.9960857310588667,
        0.9996246628784131,
        0.9970182490993066,
        0.9992706328085743,
        0.9983373501100903,
        0.9930463912013424,
        0.9966070281639663,
        0.9963788579204458
      ],
      [
        0.9963878756838472,
        0.9998582143014623,
        0.9980437703936594,
        0.996843206151634,
        0.9999830113440158,
        0.9964670420589213,
        0.9938425720457758,
        0.9971167691853503,
        0.9976182130497737,
        0.9999729048500247,
        0.9999999999999998,
        0.9998070722392495,
        0.991349036418321,
        0.9998920921733333,
        0.9965307550834127,
        0.9996894657679642,
        0.9989131700269172,
        0.9999790859677907,
        0.9963930083867895,
        0.9997809179935672,
        0.9972553879970809,
        0.9990635410346872,
        0.9985919400039716,
        0.993543603125523,
        0.996921045849797,
        0.996638217934705
      ],
      [
        0.997756899564623,
        0.9999315158165535,
        0.9990451554816733,
        0.9981803470343358,
        0.9999041621711535,
        0.9946298510536417,
        0.9954766295117995,
        0.9983524981952044,
        0.9967807137071796,
        0.9997468908419822,
        0.9998070722392495,
        0.9999999999999998,
        0.9936139213146751,
        0.9995665775036255,
        0.9976706606683645,
        0.9994894513726179,
        0.9996358266843237,
        0.9998337827039085,
        0.9978220148503544,
        0.9998851201039697,
        0.9984975519510229,
        0.9981670015501427,
        0.9993625984060283,
        0.9954317552359786,
        0.9982048113081515,
        0.9980334488292776
      ],
      [
        0.9988994891766523,
        0.9933017863692835,
        0.9975938338840802,
        0.998574843671565,
        0.9920782800297816,
        0.977627651083703,
        0.9983323862807542,
        0.9984487864131135,
        0.9846612364267653,
        0.9908256702009239,
        0.991349036418321,
        0.9936139213146751,
        1.0000000000000002,
        0.9909183059436586,
        0.9980185337504187,
        0.9907249304187358,
        0.9960655022571017,
        0.9913922912807441,
        0.9988802829984417,
        0.9936002814098119,
        0.9982453848083719,
        0.9849728616216109,
        0.9968923073650219,
        0.9998137166918001,
        0.9985865212896706,
        0.9986579929864765
      ],
      [
        0.9961337245658375,
        0.9997892196903142,
        0.9977165451700284,
        0.9964123090288671,
        0.9998423977984773,
        0.9970075890507376,
        0.9935867666583447,
        0.9968017989029301,
        0.9976602028193371,
        0.9997828785593856,
        0.9998920921733333,
        0.9995665775036255,
        0.9909183059436586,
        1.0000000000000002,
        0.9964978744125936,
        0.9994954851778985,
        0.998479822862152,
        0.999776584993354,
        0.9959853930991246,
        0.9997597017084399,
        0.9968132493565858,
        0.9988811989489725,
        0.9984169245499879,
        0.9932530126228839,
        0.9965981696959583,
        0.9961601808680857
      ],
      [
        0.9995418885530246,
        0.9977165234129709,
        0.9993007558321383,
        0.9992989019408486,
        0.9969280441626478,
        0.9875890490070084,
        0.9994271309215518,
        0.9994753071119252,
        0.993257452416029,
        0.9960970106401896,
        0.9965307550834127,
        0.9976706606683645,
        0.9980185337504187,
        0.9964978744125936,
        1.0,
        0.9965358538936506,
        0.9985741100697102,
        0.9964296153032444,
        0.9993385263825405,
        0.9979287878633102,
        0.9992449252414882,
        0.9921775642461148,
        0.999279108407018,
        0.9989406839921878,
        0.9994728050856045,
        0.9992099416332286
      ],
      [
        0.9958466520644532,
        0.9994749544279614,
        0.9976124445052319,
        0.9964000447265738,
        0.9996669872685278,
        0.99614504975312,
        0.9943979628975925,
        0.9966331971008091,
        0.9988060668265532,
        0.999711634170384,
        0.9996894657679642,
        0.9994894513726179,
        0.9907249304187358,
        0.9994954851778985,
        0.9965358538936506,
        0.9999999999999999,
        0.9985917081873269,
        0.9997083754095614,
        0.9959197876500726,
        0.9993667340933727,
        0.9968366511160113,
        0.9989309625443111,
        0.9981267346605409,
        0.992920043724994,
        0.9964321865833149,
        0.9962082011967273
      ],
      [
        0.9989840751747079,
        0.9993947386457867,
        0.9997794810560646,
        0.9993755306330754,
        0.99916643197048,
        0.9914760177693644,
        0.997063460978655,
        0.9994031042629568,
        0.9950082306968661,
        0.9988136004059914,
        0.9989131700269172,
        0.9996358266843237,
        0.9960655022571017,
        0.998479822862152,
        0.9985741100697102,
        0.9985917081873269,
        1.0,
        0.9990102872668216,
        0.9991400524500993,
        0.9993870528165182,
        0.9995649304760376,
        0.9963282752998451,
        0.9997752035780754,
        0.9973641603141342,
        0.9993209224442727,
        0.9993102413892301
      ],
      [
        0.996380522545459,
        0.9998102372582647,
        0.9980825632336466,
        0.9969181428748406,
        0.9999731902318778,
        0.9962051670336424,
        0.9938270255779624,
        0.9971419113154882,
        0.9975508498624336,
        0.9999908730123845,
        0.9999790859677907,
        0.9998337827039085,
        0.9913922912807441,
        0.999776584993354,
        0.9964296153032444,
        0.9997083754095614,
        0.9990102872668216,
        1.0000000000000002,
        0.996454109049286,
        0.9997099234044632,
        0.9973387379579103,
        0.9991011971361994,
        0.9985687075438677,
        0.9935352930473175,
        0.9969481778552257,
        0.9967328283230953
      ],
      [
        0.999943499259053,
        0.9975672972824324,
        0.999749102903645,
        0.9999801687834043,
        0.9968652538002016,
        0.9860855253864059,
        0.998653435160016,
        0.9999493584294108,
        0.9912004934569573,
        0.9960857310588667,
        0.9963930083867895,
        0.9978220148503544,
        0.9988802829984417,
        0.9959853930991246,
        0.9993385263825405,
        0.9959197876500726,
        0.9991400524500993,
        0.996454109049286,
        1.0,
        0.9977082568283819,
        0.9999259157224005,
        0.9920245571743095,
        0.9994364818702869,
        0.9995023249262786,
        0.9999689811010957,
        0.9999787512951337
      ],
      [
        0.9978042622389736,
        0.9999887479939958,
        0.9989561020272562,
        0.9980269364012565,
        0.9998589824783404,
        0.9950738050437383,
        0.995561914170393,
        0.9983123506081893,
        0.9968230528627076,
        0.9996246628784131,
        0.9997809179935672,
        0.9998851201039697,
        0.9936002814098119,
        0.9997597017084399,
        0.9979287878633102,
        0.9993667340933727,
        0.9993870528165182,
        0.9997099234044632,
        0.9977082568283819,
        1.0000000000000002,
        0.998317366209384,
        0.9979518110536967,
        0.9994075286568265,
        0.9955168420032035,
        0.9981631345403307,
        0.9978365177502471
      ],
      [
        0.9998214907445011,
        0.9982252330472768,
        0.9999215890427291,
        0.9999826058606446,
        0.9976686589305449,
        0.9876928591099142,
        0.9983496894435259,
        0.9999540909916483,
        0.9924146497188875,
        0.9970182490993066,
        0.9972553879970809,
        0.9984975519510229,
        0.9982453848083719,
        0.9968132493565858,
        0.9992449252414882,
        0.9968366511160113,
        0.9995649304760376,
        0.9973387379579103,
        0.9999259157224005,
        0.998317366209384,
        0.9999999999999998,
        0.9934099272857446,
        0.9996787432487675,
        0.9990450019713643,
        0.999945357143471,
        0.9999686836210575
      ],
      [
        0.9918819000728482,
        0.998193907863018,
        0.9945764810653812,
        0.9927435786584655,
        0.9988263930869473,
        0.9983807998115974,
        0.988690979776208,
        0.9930509890308616,
        0.9979945730538718,
        0.9992706328085743,
        0.9990635410346872,
        0.9981670015501427,
        0.9849728616216109,
        0.9988811989489725,
        0.9921775642461148,
        0.9989309625443111,
        0.9963282752998451,
        0.9991011971361994,
        0.9920245571743095,
        0.9979518110536967,
        0.9934099272857446,
        1.0,
        0.9954091201450951,
        0.9878313026674908,
        0.9927519604534889,
        0.992483469560823
      ],
      [
        0.9994874908806278,
        0.999317107616514,
        0.999915269368808,
        0.9995719902376157,
        0.9988698750854961,
        0.9910850185622708,
        0.9977442193783077,
        0.9997178212338012,
        0.9944913004579338,
        0.9983373501100903,
        0.9985919400039716,
        0.9993625984060283,
        0.9968923073650219,
        0.9984169245499879,
        0.999279108407018,
        0.9981267346605409,
        0.9997752035780754,
        0.9985687075438677,
        0.9994364818702869,
        0.9994075286568265,
        0.9996787432487675,
        0.9954091201450951,
        1.0000000000000002,
        0.9981613183482589,
        0.9996555004627388,
        0.9994700585477907
      ],
      [
        0.999588638739776,
        0.9952448553957127,
        0.9986319713698005,
        0.9992838385634344,
        0.9941619671538268,
        0.9814242299368695,
        0.9987636978218545,
        0.9992625023185648,
        0.9874750374479476,
        0.9930463912013424,
        0.993543603125523,
        0.9954317552359786,
        0.9998137166918001,
        0.9932530126228839,
        0.9989406839921878,
        0.992920043724994,
        0.9973641603141342,
        0.9935352930473175,
        0.9995023249262786,
        0.9955168420032035,
        0.9990450019713643,
        0.9878313026674908,
        0.9981613183482589,
        1.0000000000000002,
        0.999353547656347,
        0.999308154008038
      ],
      [
        0.9999622876863596,
        0.9980218604631127,
        0.9998661038733947,
        0.9999726791650926,
        0.9973517020584797,
        0.9872474613679358,
        0.9985896143975129,
        0.9999967794000595,
        0.9919551458865314,
        0.9966070281639663,
        0.996921045849797,
        0.9982048113081515,
        0.9985865212896706,
        0.9965981696959583,
        0.9994728050856045,
        0.9964321865833149,
        0.9993209224442727,
        0.9969481778552257,
        0.9999689811010957,
        0.9981631345403307,
        0.999945357143471,
        0.9927519604534889,
        0.9996555004627388,
        0.999353547656347,
        1.0000000000000002,
        0.9999437353457874
      ],
      [
        0.9998635084857508,
        0.9977263980790799,
        0.9997975456837227,
        0.999993437155249,
        0.9970973556976089,
        0.9864338392242196,
        0.998506829928362,
        0.999932484576008,
        0.9915362146567357,
        0.9963788579204458,
        0.996638217934705,
        0.9980334488292776,
        0.9986579929864765,
        0.9961601808680857,
        0.9992099416332286,
        0.9962082011967273,
        0.9993102413892301,
        0.9967328283230953,
        0.9999787512951337,
        0.9978365177502471,
        0.9999686836210575,
        0.992483469560823,
        0.9994700585477907,
        0.999308154008038,
        0.9999437353457874,
        1.0
      ]
    ],
    "similarity_node_order": [
      "node_0",
      "node_1",
      "node_2",
      "node_3",
      "node_4",
      "node_5",
      "node_6",
      "node_7",
      "node_8",
      "node_9",
      "node_10",
      "node_11",
      "node_12",
      "node_13",
      "node_14",
      "node_15",
      "node_16",
      "node_17",
      "node_18",
      "node_19",
      "node_20",
      "node_21",
      "node_22",
      "node_23",
      "node_24",
      "node_25"
    ]
  },
  "cluster_info": {
    "cluster_0": {
      "avg_flow": 0.009999999999999998,
      "members": [
        "node_4",
        "node_5",
        "node_9",
        "node_10",
        "node_11",
        "node_12",
        "node_13",
        "node_16",
        "node_17",
        "node_22"
      ],
      "congestion": 5.909826026742504
    },
    "cluster_1": {
      "avg_flow": 0.01,
      "members": [
        "node_14",
        "node_15"
      ],
      "congestion": 12.088705072220357
    },
    "cluster_2": {
      "avg_flow": 0.01,
      "members": [
        "node_6",
        "node_8"
      ],
      "congestion": 5.539255218216319
    },
    "cluster_3": {
      "avg_flow": 0.01,
      "members": [
        "node_23"
      ],
      "congestion": 8.526104417670682
    },
    "cluster_4": {
      "avg_flow": 0.01,
      "members": [
        "node_2",
        "node_3",
        "node_7",
        "node_18",
        "node_19",
        "node_20",
        "node_21"
      ],
      "congestion": 4.4511751280913545
    },
    "cluster_5": {
      "avg_flow": 0.01,
      "members": [
        "node_0",
        "node_1",
        "node_24",
        "node_25"
      ],
      "congestion": 7.606466788378096
    }
  },
  "nodes": {
    "node_0": {
      "node_id": "node_0",
      "cluster_id": "cluster_5",
      "total_reward": -183.09999999999997,
      "avg_waiting_time": 7.504098360655738,
      "loss": 0.43019819259643555,
      "metrics": {
        "total_waiting_time": 1831.0,
        "total_vehicles": 244,
        "average_queue_length": 9.155,
        "max_queue_length": 25,
        "steps": 200,
        "avg_waiting_time_per_vehicle": 7.504098360655738,
        "green_signal_time": {
          "per_edge": {
            "edge_n": 5.0,
            "edge_e": 11.0,
            "edge_s": 5.0,
            "edge_w": 8.0
          },
          "avg_gst": 7.25,
          "num_lanes": 4,
          "min_green_time": 5.0,
          "max_green_time": 30.0
        },
        "safety": {
          "total_accidents": 0,
          "near_misses": 0,
          "safety_score": 100
        },
        "per_lane_metrics": {
          "edge_n_0": {
            "edge_id": "edge_n",
            "lane_id": "edge_n_0",
            "vehicle_count": 0,
            "queue_length": 0,
            "waiting_time": 302.0,
            "average_speed": 14.51920944894031,
            "occupancy_percent": 0,
            "green_signal_time": 0,
            "vehicle_types": {
              "car": 0
            },
            "lane_length": 100.0
          },
          "edge_e_0": {
            "edge_id": "edge_e",
            "lane_id": "edge_e_0",
            "vehicle_count": 4,
            "queue_length": 4,
            "waiting_time": 207.0,
            "average_speed": 0.9874619023830905,
            "occupancy_percent": 20,
            "green_signal_time": 0,
            "vehicle_types": {
              "car": 4
            },
            "lane_length": 100.0
          },
          "edge_s_0": {
            "edge_id": "edge_s",
            "lane_id": "edge_s_0",
            "vehicle_count": 0,
            "queue_length": 0,
            "waiting_time": 128.0,
            "average_speed": 0.7900926823979043,
            "occupancy_percent": 0,
            "green_signal_time": 0,
            "vehicle_types": {
              "car": 0
            },
            "lane_length": 100.0
          },
          "edge_w_0": {
            "edge_id": "edge_w",
            "lane_id": "edge_w_0",
            "vehicle_count": 2,
            "queue_length": 2,
            "waiting_time": 37.0,
            "average_speed": 4.080420776998881,
            "occupancy_percent": 10,
            "green_signal_time": 0,
            "vehicle_types": {
              "car": 2
            },
            "lane_length": 100.0
          }
        },
        "lane_summary": {
          "total_waiting_time": 1831.0,
          "total_queue_length": 9.155,
          "num_congested_lanes": 0.0,
          "total_lanes": 4.0,
          "average_gst": 0.0,
          "min_gst": 0.0,
          "max_gst": 0.0,
          "max_queue_length": 25.0,
          "max_waiting_time": 1831.0,
          "average_speed": 0.0,
          "num_active_lanes": 2.0,
          "total_occupancy": 45.775,
          "total_vehicles": 244
        },
        "total_reward": -183.09999999999997
      }
    },
    "node_1": {
      "node_id": "node_1",
      "cluster_id": "cluster_5",
      "total_reward": -189.89999999999992,
      "avg_waiting_time": 7.8796680497925315,
      "loss": 0.3557172417640686,
      "metrics": {
        "total_waiting_time": 1899.0,
        "total_vehicles": 241,
        "average_queue_length": 9.495,
        "max_queue_length": 22,
        "steps": 200,
        "avg_waiting_time_per_vehicle": 7.8796680497925315,
        "green_signal_time": {
          "per_edge": {
            "edge_n": 6.5,
            "edge_e": 5.0,
            "edge_s": 9.5,
            "edge_w": 5.0
          },
          "avg_gst": 6.5,
          "num_lanes": 4,
          "min_green_time": 5.0,
          "max_green_time": 30.0
        },
        "safety": {
          "total_accidents": 0,
          "near_misses": 0,
          "safety_score": 100
        },
        "per_lane_metrics": {
          "edge_n_0": {
            "edge_id": "edge_n",
            "lane_id": "edge_n_0",
            "vehicle_count": 1,
            "queue_length": 1,
            "waiting_time": 26.0,
            "average_speed": 0.7877843843339899,
            "occupancy_percent": 5,
            "green_signal_time": 0,
            "vehicle_types": {
              "car": 1
            },
            "lane_length": 100.0
          },
          "edge_e_0": {
            "edge_id": "edge_e",
            "lane_id": "edge_e_0",
            "vehicle_count": 0,
            "queue_length": 0,
            "waiting_time": 44.0,
            "average_speed": 5.625416738962537,
            "occupancy_percent": 0,
            "green_signal_time": 0,
            "vehicle_types": {
              "car": 0
            },
            "lane_length": 100.0
          },
          "edge_s_0": {
            "edge_id": "edge_s",
            "lane_id": "edge_s_0",
            "vehicle_count": 3,
            "queue_length": 3,
            "waiting_time": 668.0,
            "average_speed": 1.8769030938209685,
            "occupancy_percent": 15,
            "green_signal_time": 0,
            "vehicle_types": {
              "car": 3
            },
            "lane_length": 100.0
          },
          "edge_w_0": {
            "edge_id": "edge_w",
            "lane_id": "edge_w_0",
            "vehicle_count": 0,
            "queue_length": 0,
            "waiting_time": 113.0,
            "average_speed": 13.674581908518952,
            "occupancy_percent": 0,
            "green_signal_time": 0,
            "vehicle_types": {
              "car": 0
            },
            "lane_length": 100.0
          }
        },
        "lane_summary": {
          "total_waiting_time": 1899.0,
          "total_queue_length": 9.495,
          "num_congested_lanes": 0.0,
          "total_lanes": 4.0,
          "average_gst": 0.0,
          "min_gst": 0.0,
          "max_gst": 0.0,
          "max_queue_length": 22.0,
          "max_waiting_time": 1899.0,
          "average_speed": 0.0,
          "num_active_lanes": 2.0,
          "total_occupancy": 47.474999999999994,
          "total_vehicles": 241
        },
        "total_reward": -189.89999999999992
      }
    },
    "node_10": {
      "node_id": "node_10",
      "cluster_id": "cluster_0",
      "total_reward": -150.60000000000005,
      "avg_waiting_time": 6.408510638297872,
      "loss": 0.29740944504737854,
      "metrics": {
        "total_waiting_time": 1506.0,
        "total_vehicles": 235,
        "average_queue_length": 7.53,
        "max_queue_length": 17,
        "steps": 200,
        "avg_waiting_time_per_vehicle": 6.408510638297872,
        "green_signal_time": {
          "per_edge": {
            "edge_n": 6.5,
            "edge_e": 8.0,
            "edge_s": 8.0,
            "edge_w": 8.0
          },
          "avg_gst": 7.625,
          "num_lanes": 4,
          "min_green_time": 5.0,
          "max_green_time": 30.0
        },
        "safety": {
          "total_accidents": 0,
          "near_misses": 0,
          "safety_score": 100
        },
        "per_lane_metrics": {
          "edge_n_0": {
            "edge_id": "edge_n",
            "lane_id": "edge_n_0",
            "vehicle_count": 1,
            "queue_length": 1,
            "waiting_time": 17.0,
            "average_speed": 0.4895515021676572,
            "occupancy_percent": 5,
            "green_signal_time": 0,
            "vehicle_types": {
              "car": 1
            },
            "lane_length": 100.0
          },
          "edge_e_0": {
            "edge_id": "edge_e",
            "lane_id": "edge_e_0",
            "vehicle_count": 2,
            "queue_length": 2,
            "waiting_time": 256.0,
            "average_speed": 4.242574853311808,
            "occupancy_percent": 10,
            "green_signal_time": 0,
            "vehicle_types": {
              "car": 2
            },
            "lane_length": 100.0
          },
          "edge_s_0": {
            "edge_id": "edge_s",
            "lane_id": "edge_s_0",
            "vehicle_count": 2,
            "queue_length": 2,
            "waiting_time": 28.0,
            "average_speed": 3.3744295936751154,
            "occupancy_percent": 10,
            "green_signal_time": 0,
            "vehicle_types": {
              "car": 2
            },
            "lane_length": 100.0
          },
          "edge_w_0": {
            "edge_id": "edge_w",
            "lane_id": "edge_w_0",
            "vehicle_count": 2,
            "queue_length": 2,
            "waiting_time": 115.0,
            "average_speed": 3.9324560208171073,
            "occupancy_percent": 10,
            "green_signal_time": 0,
            "vehicle_types": {
              "car": 2
            },
            "lane_length": 100.0
          }
        },
        "lane_summary": {
          "total_waiting_time": 1506.0,
          "total_queue_length": 7.53,
          "num_congested_lanes": 0.0,
          "total_lanes": 4.0,
          "average_gst": 0.0,
          "min_gst": 0.0,
          "max_gst": 0.0,
          "max_queue_length": 17.0,
          "max_waiting_time": 1506.0,
          "average_speed": 0.0,
          "num_active_lanes": 4.0,
          "total_occupancy": 37.65,
          "total_vehicles": 235
        },
        "total_reward": -150.60000000000005
      }
    },
    "node_11": {
      "node_id": "node_11",
      "cluster_id": "cluster_0",
      "total_reward": -126.0,
      "avg_waiting_time": 5.478260869565218,
      "loss": 0.31083744764328003,
      "metrics": {
        "total_waiting_time": 1260.0,
        "total_vehicles": 230,
        "average_queue_length": 6.3,
        "max_queue_length": 15,
        "steps": 200,
        "avg_waiting_time_per_vehicle": 5.478260869565218,
        "green_signal_time": {
          "per_edge": {
            "edge_n": 5.0,
            "edge_e": 6.5,
            "edge_s": 5.0,
            "edge_w": 8.0
          },
          "avg_gst": 6.125,
          "num_lanes": 4,
          "min_green_time": 5.0,
          "max_green_time": 30.0
        },
        "safety": {
          "total_accidents": 0,
          "near_misses": 0,
          "safety_score": 100
        },
        "per_lane_metrics": {
          "edge_n_0": {
            "edge_id": "edge_n",
            "lane_id": "edge_n_0",
            "vehicle_count": 0,
            "queue_length": 0,
            "waiting_time": 3.0,
            "average_speed": 10.774396021476667,
            "occupancy_percent": 0,
            "green_signal_time": 0,
            "vehicle_types": {
              "car": 0
            },
            "lane_length": 100.0
          },
          "edge_e_0": {
            "edge_id": "edge_e",
            "lane_id": "edge_e_0",
            "vehicle_count": 1,
            "queue_length": 1,
            "waiting_time": 1.0,
            "average_speed": 4.429861485586379,
            "occupancy_percent": 5,
            "green_signal_time": 0,
            "vehicle_types": {
              "car": 1
            },
            "lane_length": 100.0
          },
          "edge_s_0": {
            "edge_id": "edge_s",
            "lane_id": "edge_s_0",
            "vehicle_count": 0,
            "queue_length": 0,
            "waiting_time": 181.0,
            "average_speed": 2.04289091302277,
            "occupancy_percent": 0,
            "green_signal_time": 0,
            "vehicle_types": {
              "car": 0
            },
            "lane_length": 100.0
          },
          "edge_w_0": {
            "edge_id": "edge_w",
            "lane_id": "edge_w_0",
            "vehicle_count": 2,
            "queue_length": 2,
            "waiting_time": 60.0,
            "average_speed": 2.6007470219118654,
            "occupancy_percent": 10,
            "green_signal_time": 0,
            "vehicle_types": {
              "car": 2
            },
            "lane_length": 100.0
          }
        },
        "lane_summary": {
          "total_waiting_time": 1260.0,
          "total_queue_length": 6.3,
          "num_congested_lanes": 0.0,
          "total_lanes": 4.0,
          "average_gst": 0.0,
          "min_gst": 0.0,
          "max_gst": 0.0,
          "max_queue_length": 15.0,
          "max_waiting_time": 1260.0,
          "average_speed": 0.0,
          "num_active_lanes": 2.0,
          "total_occupancy": 31.5,
          "total_vehicles": 230
        },
        "total_reward": -126.0
      }
    },
    "node_12": {
      "node_id": "node_12",
      "cluster_id": "cluster_0",
      "total_reward": -135.09999999999997,
      "avg_waiting_time": 5.582644628099174,
      "loss": 0.3161120116710663,
      "metrics": {
        "total_waiting_time": 1351.0,
        "total_vehicles": 242,
        "average_queue_length": 6.755,
        "max_queue_length": 21,
        "steps": 200,
        "avg_waiting_time_per_vehicle": 5.582644628099174,
        "green_signal_time": {
          "per_edge": {
            "edge_n": 9.5,
            "edge_e": 9.5,
            "edge_s": 9.5,
            "edge_w": 6.5
          },
          "avg_gst": 8.75,
          "num_lanes": 4,
          "min_green_time": 5.0,
          "max_green_time": 30.0
        },
        "safety": {
          "total_accidents": 0,
          "near_misses": 0,
          "safety_score": 100
        },
        "per_lane_metrics": {
          "edge_n_0": {
            "edge_id": "edge_n",
            "lane_id": "edge_n_0",
            "vehicle_count": 3,
            "queue_length": 3,
            "waiting_time": 13.0,
            "average_speed": 4.308870194840874,
            "occupancy_percent": 15,
            "green_signal_time": 0,
            "vehicle_types": {
              "car": 3
            },
            "lane_length": 100.0
          },
          "edge_e_0": {
            "edge_id": "edge_e",
            "lane_id": "edge_e_0",
            "vehicle_count": 3,
            "queue_length": 3,
            "waiting_time": 54.0,
            "average_speed": 0.1664159877975674,
            "occupancy_percent": 15,
            "green_signal_time": 0,
            "vehicle_types": {
              "car": 3
            },
            "lane_length": 100.0
          },
          "edge_s_0": {
            "edge_id": "edge_s",
            "lane_id": "edge_s_0",
            "vehicle_count": 3,
            "queue_length": 3,
            "waiting_time": 13.0,
            "average_speed": 2.8606449955443263,
            "occupancy_percent": 15,
            "green_signal_time": 0,
            "vehicle_types": {
              "car": 3
            },
            "lane_length": 100.0
          },
          "edge_w_0": {
            "edge_id": "edge_w",
            "lane_id": "edge_w_0",
            "vehicle_count": 1,
            "queue_length": 1,
            "waiting_time": 204.0,
            "average_speed": 2.9198773176669657,
            "occupancy_percent": 5,
            "green_signal_time": 0,
            "vehicle_types": {
              "car": 1
            },
