{
  "round": 2,
  "mode": "Mock",
  "clustering": {
    "assignments": {
      "node_0": 0,
      "node_1": 2,
      "node_2": 1,
      "node_3": 3,
      "node_4": 4,
      "node_5": 5,
      "node_6": 2,
      "node_7": 3,
      "node_8": 2,
      "node_9": 5,
      "node_10": 1,
      "node_11": 4,
      "node_12": 2,
      "node_13": 5,
      "node_14": 3,
      "node_15": 3,
      "node_16": 3,
      "node_17": 2,
      "node_18": 4,
      "node_19": 2,
      "node_20": 0,
      "node_21": 0,
      "node_22": 2,
      "node_23": 3,
      "node_24": 1,
      "node_25": 1
    },
    "groups": {
      "0": [
        "node_0",
        "node_20",
        "node_21"
      ],
      "2": [
        "node_1",
        "node_6",
        "node_8",
        "node_12",
        "node_17",
        "node_19",
        "node_22"
      ],
      "1": [
        "node_2",
        "node_10",
        "node_24",
        "node_25"
      ],
      "3": [
        "node_3",
        "node_7",
        "node_14",
        "node_15",
        "node_16",
        "node_23"
      ],
      "4": [
        "node_4",
        "node_11",
        "node_18"
      ],
      "5": [
        "node_5",
        "node_9",
        "node_13"
      ]
    },
    "fingerprints": {
      "node_0": [
        10.358333333333333,
        12.43,
        0.0,
        21.0,
        0.0
      ],
      "node_1": [
        4.726872246696035,
        5.365,
        0.0,
        17.0,
        0.0
      ],
      "node_2": [
        6.22093023255814,
        8.025,
        0.0,
        18.0,
        0.0
      ],
      "node_3": [
        6.233870967741935,
        7.73,
        0.0,
        24.0,
        1.0
      ],
      "node_4": [
        3.799107142857143,
        4.255,
        0.0,
        13.0,
        1.0
      ],
      "node_5": [
        5.775862068965517,
        6.7,
        0.0,
        14.0,
        0.0
      ],
      "node_6": [
        3.8815789473684212,
        4.425,
        0.0,
        15.0,
        0.0
      ],
      "node_7": [
        6.467213114754099,
        7.89,
        0.0,
        24.0,
        1.0
      ],
      "node_8": [
        4.955156950672646,
        5.525,
        0.0,
        18.0,
        0.0
      ],
      "node_9": [
        6.3215859030837,
        7.175,
        0.0,
        14.0,
        0.0
      ],
      "node_10": [
        6.121739130434783,
        7.04,
        0.0,
        20.0,
        0.0
      ],
      "node_11": [
        5.794354838709677,
        7.185,
        0.0,
        16.0,
        1.0
      ],
      "node_12": [
        4.432900432900433,
        5.12,
        0.0,
        16.0,
        0.0
      ],
      "node_13": [
        5.482352941176471,
        6.99,
        0.0,
        15.0,
        0.0
      ],
      "node_14": [
        6.032,
        7.54,
        0.0,
        18.0,
        2.0
      ],
      "node_15": [
        7.135245901639344,
        8.705,
        0.0,
        22.0,
        1.0
      ],
      "node_16": [
        7.930769230769231,
        10.31,
        0.0,
        21.0,
        1.0
      ],
      "node_17": [
        4.429166666666666,
        5.315,
        0.0,
        15.0,
        0.0
      ],
      "node_18": [
        5.486486486486487,
        6.09,
        0.0,
        15.0,
        1.0
      ],
      "node_19": [
        4.237154150197629,
        5.36,
        0.0,
        18.0,
        0.0
      ],
      "node_20": [
        10.23828125,
        13.105,
        0.0,
        27.0,
        0.0
      ],
      "node_21": [
        8.295019157088122,
        10.825,
        0.0,
        28.0,
        0.0
      ],
      "node_22": [
        4.220657276995305,
        4.495,
        0.0,
        12.0,
        0.0
      ],
      "node_23": [
        6.566929133858268,
        8.34,
        0.0,
        22.0,
        2.0
      ],
      "node_24": [
        7.5233644859813085,
        8.05,
        0.0,
        19.0,
        0.0
      ],
      "node_25": [
        7.0285714285714285,
        8.61,
        0.0,
        17.0,
        0.0
      ]
    },
    "similarity_matrix": [
      [
        0.9999999999999999,
        0.966725205638433,
        0.9896233207796689,
        0.9645661065427384,
        0.968080362007295,
        0.9956355724371057,
        0.9602800206851331,
        0.9670581055425266,
        0.9648305341030929,
        0.9982324923776054,
        0.9758361999638935,
        0.9896497459822453,
        0.9673486440578906,
        0.9924554402148139,
        0.9818110957922993,
        0.9823823404542461,
        0.9937516331483738,
        0.97494470154619,
        0.9858970105972,
        0.9571066882614675,
        0.9943928098535195,
        0.9791941328247535,
        0.9830250205756464,
        0.9753004219649902,
        0.9909413566716235,
        0.9969855071685442
      ],
      [
        0.966725205638433,
        1.0,
        0.99296570507953,
        0.9991020336030842,
        0.9974073988402894,
        0.9863454931134535,
        0.9997070195359514,
        0.9991622273128039,
        0.9999692427692193,
        0.9798450996126216,
        0.9992623063582435,
        0.9905487866979422,
        0.9999917753790777,
        0.9903695066685526,
        0.9906196409279914,
        0.9962795437629929,
        0.986531102797873,
        0.9993599743230391,
        0.9930951484229139,
        0.9991793906655958,
        0.9878247503673613,
        0.9980851886632232,
        0.9969857927197507,
        0.9950918986777765,
        0.991814930014507,
        0.9835324426036753
      ],
      [
        0.9896233207796689,
        0.99296570507953,
        0.9999999999999999,
        0.991884216419654,
        0.9920588674229578,
        0.9983998377946595,
        0.9899338818818207,
        0.9929703988701425,
        0.9920215109906102,
        0.9957878585261822,
        0.9966968553836787,
        0.9984459544721881,
        0.9933189749716858,
        0.9997737487849677,
        0.9949893108359305,
        0.9982718778665347,
        0.9983418479135856,
        0.9965569027550805,
        0.9975607878488139,
        0.9886398773612834,
        0.9992591812914454,
        0.9981753976972209,
        0.9982394094214572,
        0.9946149248844103,
        0.998882995506068,
        0.9977747362270478
      ],
      [
        0.9645661065427384,
        0.9991020336030842,
        0.991884216419654,
        0.9999999999999999,
        0.9990768692765214,
        0.9845431198101366,
        0.9989714106362103,
        0.9999491037185543,
        0.9990588743421559,
        0.9777362201545269,
        0.998175122840013,
        0.9913370625870787,
        0.9991361214051032,
        0.9891319419705873,
        0.993277948056712,
        0.9967528478157832,
        0.986832867065978,
        0.9984460284330863,
        0.9937369749772846,
        0.998817380723687,
        0.986514918331368,
        0.9973541991163881,
        0.9953805794772153,
        0.9974245462065636,
        0.9898989489888258,
        0.9818873063044964
      ],
      [
        0.968080362007295,
        0.9974073988402894,
        0.9920588674229578,
        0.9990768692765214,
        1.0,
        0.9862914757018737,
        0.9967429013011576,
        0.9992818812817459,
        0.9972772246258093,
        0.9803613514844066,
        0.997250459342962,
        0.9936215673947877,
        0.9974247184754496,
        0.989795966348534,
        0.9962648110847551,
        0.9976325614026038,
        0.9890883537358368,
        0.9972567304420361,
        0.9961928113921998,
        0.9959908048984365,
        0.9875146697480984,
        0.996246584337184,
        0.995605630640113,
        0.9989570643364318,
        0.9912232338150678,
        0.9836754882003179
      ],
      [
        0.9956355724371057,
        0.9863454931134535,
        0.9983998377946595,
        0.9845431198101366,
        0.9862914757018737,
        1.0000000000000002,
        0.9820794199953947,
        0.9861855265808234,
        0.9851297245297936,
        0.9993437812786182,
        0.9919382948300847,
        0.997585536796595,
        0.9867274102579034,
        0.9992922250472518,
        0.9925540645499319,
        0.9950081212264483,
        0.9987047397969421,
        0.991354544402758,
        0.9962271174887343,
        0.9797501005869182,
        0.9996082438121651,
        0.9935385028062809,
        0.995834212000543,
        0.9899717629878635,
        0.9990625173109424,
        0.9997741569635301
      ],
      [
        0.9602800206851331,
        0.9997070195359514,
        0.9899338818818207,
        0.9989714106362103,
        0.9967429013011576,
        0.9820794199953947,
        1.0000000000000002,
        0.9987944322844388,
        0.9998449799133364,
        0.974725507612794,
        0.998045065655002,
        0.9872720057783874,
        0.9996470134543609,
        0.9868280325122005,
        0.9880936417906993,
        0.9942016551684758,
        0.9825302997369173,
        0.9982570807522214,
        0.9903420131998061,
        0.9997681778170213,
        0.9838716724830144,
        0.9965071058228077,
        0.9948382308019428,
        0.9935950953193592,
        0.9884443252019661,
        0.9789169266751084
      ],
      [
        0.9670581055425266,
        0.9991622273128039,
        0.9929703988701425,
        0.9999491037185543,
        0.9992818812817459,
        0.9861855265808234,
        0.9987944322844388,
        1.0000000000000002,
        0.999059411990231,
        0.979735557131705,
        0.9985998589701003,
        0.9925352534480493,
        0.9992090008029214,
        0.9904270880169984,
        0.9941665281227078,
        0.9974847270055578,
        0.9882922655182421,
        0.9988037698650536,
        0.9947890648888082,
        0.9984781251056875,
        0.9879710481025872,
        0.9978585724897111,
        0.9962203869386996,
        0.997898304316804,
        0.9912307123581703,
        0.9836345598219182
      ],
      [
        0.9648305341030929,
        0.9999692427692193,
        0.9920215109906102,
        0.9990588743421559,
        0.9972772246258093,
        0.9851297245297936,
        0.9998449799133364,
        0.999059411990231,
        1.0,
        0.9783997600842537,
        0.9989509418906586,
        0.9895654728097691,
        0.9999337158841157,
        0.9892821757118142,
        0.9898540350591699,
        0.9956675425260822,
        0.9852878668263916,
        0.999050543388743,
        0.9923626087509749,
        0.9993387623262722,
        0.9866101080576845,
        0.997570286564627,
        0.9964638439609792,
        0.9946222926627487,
        0.9909353993992106,
        0.9821608445122634
      ],
      [
        0.9982324923776054,
        0.9798450996126216,
        0.9957878585261822,
        0.9777362201545269,
        0.9803613514844066,
        0.9993437812786182,
        0.974725507612794,
        0.979735557131705,
        0.9783997600842537,
        1.0,
        0.9867740455767993,
        0.9953883498149804,
        0.9802868149547076,
        0.9974471785263772,
        0.9892621187267995,
        0.9910537501225476,
        0.9975269443062037,
        0.9859829751592122,
        0.9933755597505597,
        0.9718863364970531,
        0.9983707275470683,
        0.9887817934312662,
        0.9921176069179778,
        0.985145349133262,
        0.9971609234743143,
        0.9995771577678024
      ],
      [
        0.9758361999638935,
        0.9992623063582435,
        0.9966968553836787,
        0.998175122840013,
        0.997250459342962,
        0.9919382948300847,
        0.998045065655002,
        0.9985998589701003,
        0.9989509418906586,
        0.9867740455767993,
        0.9999999999999999,
        0.9946341944711292,
        0.9993496138642777,
        0.9949037781105988,
        0.9935185918248536,
        0.9984375603415322,
        0.9918208966486564,
        0.9999516776861629,
        0.9962399002417497,
        0.997122367241754,
        0.9930212050272031,
        0.9995046860539908,
        0.9991301798605732,
        0.9963621494443874,
        0.9959011168228056,
        0.9897413972242686
      ],
      [
        0.9896497459822453,
        0.9905487866979422,
        0.9984459544721881,
        0.9913370625870787,
        0.9936215673947877,
        0.997585536796595,
        0.9872720057783874,
        0.9925352534480493,
        0.9895654728097691,
        0.9953883498149804,
        0.9946341944711292,
        1.0,
        0.9908935630090775,
        0.9984491768379516,
        0.9985775470564746,
        0.9986349739041024,
        0.9993490796262154,
        0.9943704247284056,
        0.9993671811019549,
        0.9856998106640776,
        0.9980925634726672,
        0.9960241424734156,
        0.9967127341063361,
        0.9969023097317954,
        0.9978698091077723,
        0.996979805111632
      ],
      [
        0.9673486440578906,
        0.9999917753790777,
        0.9933189749716858,
        0.9991361214051032,
        0.9974247184754496,
        0.9867274102579034,
        0.9996470134543609,
        0.9992090008029214,
        0.9999337158841157,
        0.9802868149547076,
        0.9993496138642777,
        0.9908935630090775,
        1.0000000000000002,
        0.9907643078230608,
        0.9908966093877647,
        0.9964934642517692,
        0.9869890837710888,
        0.9994668731250771,
        0.993297885332891,
        0.999154329731003,
        0.9882643062988143,
        0.9982998286470085,
        0.9971003775487471,
        0.9952783285023388,
        0.9920426956307185,
        0.9839980905810303
      ],
      [
        0.9924554402148139,
        0.9903695066685526,
        0.9997737487849677,
        0.9891319419705873,
        0.989795966348534,
        0.9992922250472518,
        0.9868280325122005,
        0.9904270880169984,
        0.9892821757118142,
        0.9974471785263772,
        0.9949037781105988,
        0.9984491768379516,
        0.9907643078230608,
        0.9999999999999999,
        0.9943386925737205,
        0.9972217860785011,
        0.9989723942509221,
        0.9946549120242114,
        0.9971295933919785,
        0.9852592876635456,
        0.9998487601753813,
        0.996671081339297,
        0.9972800196813988,
        0.9930547471828678,
        0.9990023709639715,
        0.9989635650892781
      ],
      [
        0.9818110957922993,
        0.9906196409279914,
        0.9949893108359305,
        0.993277948056712,
        0.9962648110847551,
        0.9925540645499319,
        0.9880936417906993,
        0.9941665281227078,
        0.9898540350591699,
        0.9892621187267995,
        0.9935185918248536,
        0.9985775470564746,
        0.9908966093877647,
        0.9943386925737205,
        1.0,
        0.998163295712879,
        0.9964005507919294,
        0.9933977848592934,
        0.9988170351568967,
        0.9868928511846445,
        0.9934524614063059,
        0.9944339743713421,
        0.9944106050722001,
        0.9989581934655845,
        0.9939974381117713,
        0.9914928399556512
      ],
      [
        0.9823823404542461,
        0.9962795437629929,
        0.9982718778665347,
        0.9967528478157832,
        0.9976325614026038,
        0.9950081212264483,
        0.9942016551684758,
        0.9974847270055578,
        0.9956675425260822,
        0.9910537501225476,
        0.9984375603415322,
        0.9986349739041024,
        0.9964934642517692,
        0.9972217860785011,
        0.998163295712879,
        1.0,
        0.9965583086168914,
        0.9983469506241248,
        0.9992311318936266,
        0.9931052562060111,
        0.9959883684098425,
        0.9988821959572501,
        0.9987097366281134,
        0.9988400514853,
        0.9973176248749301,
        0.9935587891897165
      ],
      [
        0.9937516331483738,
        0.986531102797873,
        0.9983418479135856,
        0.986832867065978,
        0.9890883537358368,
        0.9987047397969421,
        0.9825302997369173,
        0.9882922655182421,
        0.9852878668263916,
        0.9975269443062037,
        0.9918208966486564,
        0.9993490796262154,
        0.9869890837710888,
        0.9989723942509221,
        0.9964005507919294,
        0.9965583086168914,
        1.0,
        0.991537930005117,
        0.997602378049624,
        0.9808467074961144,
        0.9991706689926839,
        0.9940569809139652,
        0.9948335038932047,
        0.9936497918902651,
        0.9975473843263334,
        0.9987619075770514
      ],
      [
        0.97494470154619,
        0.9993599743230391,
        0.9965569027550805,
        0.9984460284330863,
        0.9972567304420361,
        0.991354544402758,
        0.9982570807522214,
        0.9988037698650536,
        0.999050543388743,
        0.9859829751592122,
        0.9999516776861629,
        0.9943704247284056,
        0.9994668731250771,
        0.9946549120242114,
        0.9933977848592934,
        0.9983469506241248,
        0.991537930005117,
        0.9999999999999999,
        0.9958394096869985,
        0.9975448388454078,
        0.9927123240456861,
        0.9996244028401777,
        0.9987622158230786,
        0.9964444121173901,
        0.9953058532395118,
        0.9892209573816295
      ],
      [
        0.9858970105972,
        0.9930951484229139,
        0.9975607878488139,
        0.9937369749772846,
        0.9961928113921998,
        0.9962271174887343,
        0.9903420131998061,
        0.9947890648888082,
        0.9923626087509749,
        0.9933755597505597,
        0.9962399002417497,
        0.9993671811019549,
        0.993297885332891,
        0.9971295933919785,
        0.9988170351568967,
        0.9992311318936266,
        0.997602378049624,
        0.9958394096869985,
        1.0,
        0.9885409599646772,
        0.9963306415127328,
        0.9965348210671041,
        0.9979227927741661,
        0.9980020429894771,
        0.9979311418793199,
        0.9948756515047739
      ],
      [
        0.9571066882614675,
        0.9991793906655958,
        0.9886398773612834,
        0.998817380723687,
        0.9959908048984365,
        0.9797501005869182,
        0.9997681778170213,
        0.9984781251056875,
        0.9993387623262722,
        0.9718863364970531,
        0.997122367241754,
        0.9856998106640776,
        0.999154329731003,
        0.9852592876635456,
        0.9868928511846445,
        0.9931052562060111,
        0.9808467074961144,
        0.9975448388454078,
        0.9885409599646772,
        1.0,
        0.9821388173716252,
        0.9958935103699621,
        0.9931638464029316,
        0.9929149651841175,
        0.9861799383668228,
        0.9766836843346262
      ],
      [
        0.9943928098535195,
        0.9878247503673613,
        0.9992591812914454,
        0.986514918331368,
        0.9875146697480984,
        0.9996082438121651,
        0.9838716724830144,
        0.9879710481025872,
        0.9866101080576845,
        0.9983707275470683,
        0.9930212050272031,
        0.9980925634726672,
        0.9882643062988143,
        0.9998487601753813,
        0.9934524614063059,
        0.9959883684098425,
        0.9991706689926839,
        0.9927123240456861,
        0.9963306415127328,
        0.9821388173716252,
        0.9999999999999999,
        0.9951123072069143,
        0.9960200724716212,
        0.9914322528132654,
        0.9986208704760655,
        0.9995700880478968
      ],
      [
        0.9791941328247535,
        0.9980851886632232,
        0.9981753976972209,
        0.9973541991163881,
        0.996246584337184,
        0.9935385028062809,
        0.9965071058228077,
        0.9978585724897111,
        0.997570286564627,
        0.9887817934312662,
        0.9995046860539908,
        0.9960241424734156,
        0.9982998286470085,
        0.996671081339297,
        0.9944339743713421,
        0.9988821959572501,
        0.9940569809139652,
        0.9996244028401777,
        0.9965348210671041,
        0.9958935103699621,
        0.9951123072069143,
        0.9999999999999999,
        0.9987693080834531,
        0.9966416437456407,
        0.9963406592270522,
        0.991984713745108
      ],
      [
        0.9830250205756464,
        0.9969857927197507,
        0.9982394094214572,
        0.9953805794772153,
        0.995605630640113,
        0.995834212000543,
        0.9948382308019428,
        0.9962203869386996,
        0.9964638439609792,
        0.9921176069179778,
        0.9991301798605732,
        0.9967127341063361,
        0.9971003775487471,
        0.9972800196813988,
        0.9944106050722001,
        0.9987097366281134,
        0.9948335038932047,
        0.9987622158230786,
        0.9979227927741661,
        0.9931638464029316,
        0.9960200724716212,
        0.9987693080834531,
        1.0000000000000002,
        0.995603753625421,
        0.9987058732284924,
        0.9939558158947986
      ],
      [
        0.9753004219649902,
        0.9950918986777765,
        0.9946149248844103,
        0.9974245462065636,
        0.9989570643364318,
        0.9899717629878635,
        0.9935950953193592,
        0.997898304316804,
        0.9946222926627487,
        0.985145349133262,
        0.9963621494443874,
        0.9969023097317954,
        0.9952783285023388,
        0.9930547471828678,
        0.9989581934655845,
        0.9988400514853,
        0.9936497918902651,
        0.9964444121173901,
        0.9980020429894771,
        0.9929149651841175,
        0.9914322528132654,
        0.9966416437456407,
        0.995603753625421,
        0.9999999999999999,
        0.9930138049912546,
        0.988284451502404
      ],
      [
        0.9909413566716235,
        0.991814930014507,
        0.998882995506068,
        0.9898989489888258,
        0.9912232338150678,
        0.9990625173109424,
        0.9884443252019661,
        0.9912307123581703,
        0.9909353993992106,
        0.9971609234743143,
        0.9959011168228056,
        0.9978698091077723,
        0.9920426956307185,
        0.9990023709639715,
        0.9939974381117713,
        0.9973176248749301,
        0.9975473843263334,
        0.9953058532395118,
        0.9979311418793199,
        0.9861799383668228,
        0.9986208704760655,
        0.9963406592270522,
        0.9987058732284924,
        0.9930138049912546,
        1.0,
        0.9979525565425357
      ],
      [
        0.9969855071685442,
        0.9835324426036753,
        0.9977747362270478,
        0.9818873063044964,
        0.9836754882003179,
        0.9997741569635301,
        0.9789169266751084,
        0.9836345598219182,
        0.9821608445122634,
        0.9995771577678024,
        0.9897413972242686,
        0.996979805111632,
        0.9839980905810303,
        0.9989635650892781,
        0.9914928399556512,
        0.9935587891897165,
        0.9987619075770514,
        0.9892209573816295,
        0.9948756515047739,
        0.9766836843346262,
        0.9995700880478968,
        0.991984713745108,
        0.9939558158947986,
        0.988284451502404,
        0.9979525565425357,
        1.0
      ]
    ],
    "similarity_node_order": [
      "node_0",
      "node_1",
      "node_2",
      "node_3",
      "node_4",
      "node_5",
      "node_6",
      "node_7",
      "node_8",
      "node_9",
      "node_10",
      "node_11",
      "node_12",
      "node_13",
      "node_14",
      "node_15",
      "node_16",
      "node_17",
      "node_18",
      "node_19",
      "node_20",
      "node_21",
      "node_22",
      "node_23",
      "node_24",
      "node_25"
    ]
  },
  "cluster_info": {
    "cluster_0": {
      "avg_flow": 0.01,
      "members": [
        "node_0",
        "node_20",
        "node_21"
      ],
      "congestion": 9.630544580140485
    },
    "cluster_1": {
      "avg_flow": 0.01,
      "members": [
        "node_2",
        "node_10",
        "node_24",
        "node_25"
      ],
      "congestion": 6.7236513193864145
    },
    "cluster_2": {
      "avg_flow": 0.01,
      "members": [
        "node_1",
        "node_6",
        "node_8",
        "node_12",
        "node_17",
        "node_19",
        "node_22"
      ],
      "congestion": 4.411926667356734
    },
    "cluster_3": {
      "avg_flow": 0.01,
      "members": [
        "node_3",
        "node_7",
        "node_14",
        "node_15",
        "node_16",
        "node_23"
      ],
      "congestion": 6.727671391460479
    },
    "cluster_4": {
      "avg_flow": 0.01,
      "members": [
        "node_4",
        "node_11",
        "node_18"
      ],
      "congestion": 5.026649489351102
    },
    "cluster_5": {
      "avg_flow": 0.01,
      "members": [
        "node_5",
        "node_9",
        "node_13"
      ],
      "congestion": 5.8599336377418965
    }
  },
  "nodes": {
    "node_0": {
      "node_id": "node_0",
      "cluster_id": "cluster_0",
      "total_reward": -248.60000000000005,
      "avg_waiting_time": 10.358333333333333,
      "loss": 0.45798081159591675,
      "metrics": {
        "total_waiting_time": 2486.0,
        "total_vehicles": 240,
        "average_queue_length": 12.43,
        "max_queue_length": 21,
        "steps": 200,
        "avg_waiting_time_per_vehicle": 10.358333333333333,
        "green_signal_time": {
          "per_edge": {
            "edge_n": 9.5,
            "edge_e": 6.5,
            "edge_s": 6.5,
            "edge_w": 8.0
          },
          "avg_gst": 7.625,
          "num_lanes": 4,
          "min_green_time": 5.0,
          "max_green_time": 30.0
        },
        "safety": {
          "total_accidents": 0,
          "near_misses": 1,
          "safety_score": 99
        },
        "per_lane_metrics": {
          "edge_n_0": {
            "edge_id": "edge_n",
            "lane_id": "edge_n_0",
            "vehicle_count": 3,
            "queue_length": 3,
            "waiting_time": 1041.0,
            "average_speed": 0.9518677806607634,
            "occupancy_percent": 15,
            "green_signal_time": 0,
            "vehicle_types": {
              "car": 3
            },
            "lane_length": 100.0
          },
          "edge_e_0": {
            "edge_id": "edge_e",
            "lane_id": "edge_e_0",
            "vehicle_count": 1,
            "queue_length": 1,
            "waiting_time": 21.0,
            "average_speed": 2.455668032374403,
            "occupancy_percent": 5,
            "green_signal_time": 0,
            "vehicle_types": {
              "car": 1
            },
            "lane_length": 100.0
          },
          "edge_s_0": {
            "edge_id": "edge_s",
            "lane_id": "edge_s_0",
            "vehicle_count": 1,
            "queue_length": 1,
            "waiting_time": 403.0,
            "average_speed": 2.1919121599030316,
            "occupancy_percent": 5,
            "green_signal_time": 0,
            "vehicle_types": {
              "car": 1
            },
            "lane_length": 100.0
          },
          "edge_w_0": {
            "edge_id": "edge_w",
            "lane_id": "edge_w_0",
            "vehicle_count": 2,
            "queue_length": 2,
            "waiting_time": 45.0,
            "average_speed": 2.7309539775434963,
            "occupancy_percent": 10,
            "green_signal_time": 0,
            "vehicle_types": {
              "car": 2
            },
            "lane_length": 100.0
          }
        },
        "lane_summary": {
          "total_waiting_time": 2486.0,
          "total_queue_length": 12.43,
          "num_congested_lanes": 0.0,
          "total_lanes": 4.0,
          "average_gst": 0.0,
          "min_gst": 0.0,
          "max_gst": 0.0,
          "max_queue_length": 21.0,
          "max_waiting_time": 2486.0,
          "average_speed": 0.0,
          "num_active_lanes": 4.0,
          "total_occupancy": 62.15,
          "total_vehicles": 240
        },
        "total_reward": -248.60000000000005
      }
    },
    "node_1": {
      "node_id": "node_1",
      "cluster_id": "cluster_2",
      "total_reward": -107.30000000000001,
      "avg_waiting_time": 4.726872246696035,
      "loss": 0.24263998866081238,
      "metrics": {
        "total_waiting_time": 1073.0,
        "total_vehicles": 227,
        "average_queue_length": 5.365,
        "max_queue_length": 17,
        "steps": 200,
        "avg_waiting_time_per_vehicle": 4.726872246696035,
        "green_signal_time": {
          "per_edge": {
            "edge_n": 5.0,
            "edge_e": 6.5,
            "edge_s": 5.0,
            "edge_w": 6.5
          },
          "avg_gst": 5.75,
          "num_lanes": 4,
          "min_green_time": 5.0,
          "max_green_time": 30.0
        },
        "safety": {
          "total_accidents": 0,
          "near_misses": 0,
          "safety_score": 100
        },
        "per_lane_metrics": {
          "edge_n_0": {
            "edge_id": "edge_n",
            "lane_id": "edge_n_0",
            "vehicle_count": 0,
            "queue_length": 0,
            "waiting_time": 13.0,
            "average_speed": 12.724168427442844,
            "occupancy_percent": 0,
            "green_signal_time": 0,
            "vehicle_types": {
              "car": 0
            },
            "lane_length": 100.0
          },
          "edge_e_0": {
            "edge_id": "edge_e",
            "lane_id": "edge_e_0",
            "vehicle_count": 1,
            "queue_length": 1,
            "waiting_time": 12.0,
            "average_speed": 2.8569049963214574,
            "occupancy_percent": 5,
            "green_signal_time": 0,
            "vehicle_types": {
              "car": 1
            },
            "lane_length": 100.0
          },
          "edge_s_0": {
            "edge_id": "edge_s",
            "lane_id": "edge_s_0",
            "vehicle_count": 0,
            "queue_length": 0,
            "waiting_time": 53.0,
            "average_speed": 3.3327241763489153,
            "occupancy_percent": 0,
            "green_signal_time": 0,
            "vehicle_types": {
              "car": 0
            },
            "lane_length": 100.0
          },
          "edge_w_0": {
            "edge_id": "edge_w",
            "lane_id": "edge_w_0",
            "vehicle_count": 1,
            "queue_length": 1,
            "waiting_time": 46.0,
            "average_speed": 4.384264625412126,
            "occupancy_percent": 5,
            "green_signal_time": 0,
            "vehicle_types": {
              "car": 1
            },
            "lane_length": 100.0
          }
        },
        "lane_summary": {
          "total_waiting_time": 1073.0,
          "total_queue_length": 5.365,
          "num_congested_lanes": 0.0,
          "total_lanes": 4.0,
          "average_gst": 0.0,
          "min_gst": 0.0,
          "max_gst": 0.0,
          "max_queue_length": 17.0,
          "max_waiting_time": 1073.0,
          "average_speed": 0.0,
          "num_active_lanes": 2.0,
          "total_occupancy": 26.825000000000003,
          "total_vehicles": 227
        },
        "total_reward": -107.30000000000001
      }
    },
    "node_10": {
      "node_id": "node_10",
      "cluster_id": "cluster_1",
      "total_reward": -140.80000000000004,
      "avg_waiting_time": 6.121739130434783,
      "loss": 0.3565692603588104,
      "metrics": {
        "total_waiting_time": 1408.0,
        "total_vehicles": 230,
        "average_queue_length": 7.04,
        "max_queue_length": 20,
        "steps": 200,
        "avg_waiting_time_per_vehicle": 6.121739130434783,
        "green_signal_time": {
          "per_edge": {
            "edge_n": 5.0,
            "edge_e": 6.5,
            "edge_s": 5.0,
            "edge_w": 5.0
          },
          "avg_gst": 5.375,
          "num_lanes": 4,
          "min_green_time": 5.0,
          "max_green_time": 30.0
        },
        "safety": {
          "total_accidents": 0,
          "near_misses": 0,
          "safety_score": 100
        },
        "per_lane_metrics": {
          "edge_n_0": {
            "edge_id": "edge_n",
            "lane_id": "edge_n_0",
            "vehicle_count": 0,
            "queue_length": 0,
            "waiting_time": 140.0,
            "average_speed": 12.162999079842589,
            "occupancy_percent": 0,
            "green_signal_time": 0,
            "vehicle_types": {
              "car": 0
            },
            "lane_length": 100.0
          },
          "edge_e_0": {
            "edge_id": "edge_e",
            "lane_id": "edge_e_0",
            "vehicle_count": 1,
            "queue_length": 1,
            "waiting_time": 59.0,
            "average_speed": 0.179440780722821,
            "occupancy_percent": 5,
            "green_signal_time": 0,
            "vehicle_types": {
              "car": 1
            },
            "lane_length": 100.0
          },
          "edge_s_0": {
            "edge_id": "edge_s",
            "lane_id": "edge_s_0",
            "vehicle_count": 0,
            "queue_length": 0,
            "waiting_time": 137.0,
            "average_speed": 1.2140554982948344,
            "occupancy_percent": 0,
            "green_signal_time": 0,
            "vehicle_types": {
              "car": 0
            },
            "lane_length": 100.0
          },
          "edge_w_0": {
            "edge_id": "edge_w",
            "lane_id": "edge_w_0",
            "vehicle_count": 0,
            "queue_length": 0,
            "waiting_time": 42.0,
            "average_speed": 7.0663344439845375,
            "occupancy_percent": 0,
            "green_signal_time": 0,
            "vehicle_types": {
              "car": 0
            },
            "lane_length": 100.0
          }
        },
        "lane_summary": {
          "total_waiting_time": 1408.0,
          "total_queue_length": 7.04,
          "num_congested_lanes": 0.0,
          "total_lanes": 4.0,
          "average_gst": 0.0,
          "min_gst": 0.0,
          "max_gst": 0.0,
          "max_queue_length": 20.0,
          "max_waiting_time": 1408.0,
          "average_speed": 0.0,
          "num_active_lanes": 1.0,
          "total_occupancy": 35.2,
          "total_vehicles": 230
        },
        "total_reward": -140.80000000000004
      }
    },
    "node_11": {
      "node_id": "node_11",
      "cluster_id": "cluster_4",
      "total_reward": -143.7,
      "avg_waiting_time": 5.794354838709677,
      "loss": 0.3954257071018219,
      "metrics": {
        "total_waiting_time": 1437.0,
        "total_vehicles": 248,
        "average_queue_length": 7.185,
        "max_queue_length": 16,
        "steps": 200,
        "avg_waiting_time_per_vehicle": 5.794354838709677,
        "green_signal_time": {
          "per_edge": {
            "edge_n": 6.5,
            "edge_e": 11.0,
            "edge_s": 5.0,
            "edge_w": 17.0
          },
          "avg_gst": 9.875,
          "num_lanes": 4,
          "min_green_time": 5.0,
          "max_green_time": 30.0
        },
        "safety": {
          "total_accidents": 0,
          "near_misses": 0,
          "safety_score": 100
        },
        "per_lane_metrics": {
          "edge_n_0": {
            "edge_id": "edge_n",
            "lane_id": "edge_n_0",
            "vehicle_count": 1,
            "queue_length": 1,
            "waiting_time": 213.0,
            "average_speed": 0.15140332083932007,
            "occupancy_percent": 5,
            "green_signal_time": 0,
            "vehicle_types": {
              "car": 1
            },
            "lane_length": 100.0
          },
          "edge_e_0": {
            "edge_id": "edge_e",
            "lane_id": "edge_e_0",
            "vehicle_count": 4,
            "queue_length": 4,
            "waiting_time": 24.0,
            "average_speed": 0.35409397278441057,
            "occupancy_percent": 20,
            "green_signal_time": 0,
            "vehicle_types": {
              "car": 4
            },
            "lane_length": 100.0
          },
          "edge_s_0": {
            "edge_id": "edge_s",
            "lane_id": "edge_s_0",
            "vehicle_count": 0,
            "queue_length": 0,
            "waiting_time": 32.0,
            "average_speed": 3.811024009031358,
            "occupancy_percent": 0,
            "green_signal_time": 0,
            "vehicle_types": {
              "car": 0
            },
            "lane_length": 100.0
          },
          "edge_w_0": {
            "edge_id": "edge_w",
            "lane_id": "edge_w_0",
            "vehicle_count": 8,
            "queue_length": 8,
            "waiting_time": 117.0,
            "average_speed": 0.6382280319745032,
            "occupancy_percent": 40,
            "green_signal_time": 0,
            "vehicle_types": {
              "car": 8
            },
            "lane_length": 100.0
          }
        },
        "lane_summary": {
          "total_waiting_time": 1437.0,
          "total_queue_length": 7.185,
          "num_congested_lanes": 1.0,
          "total_lanes": 4.0,
          "average_gst": 0.0,
          "min_gst": 0.0,
          "max_gst": 0.0,
          "max_queue_length": 16.0,
          "max_waiting_time": 1437.0,
          "average_speed": 0.0,
          "num_active_lanes": 3.0,
          "total_occupancy": 35.925,
          "total_vehicles": 248
        },
        "total_reward": -143.7
      }
    },
    "node_12": {
      "node_id": "node_12",
      "cluster_id": "cluster_2",
      "total_reward": -102.39999999999999,
      "avg_waiting_time": 4.432900432900433,
      "loss": 0.3668782413005829,
      "metrics": {
        "total_waiting_time": 1024.0,
        "total_vehicles": 231,
        "average_queue_length": 5.12,
        "max_queue_length": 16,
        "steps": 200,
        "avg_waiting_time_per_vehicle": 4.432900432900433,
        "green_signal_time": {
          "per_edge": {
            "edge_n": 6.5,
            "edge_e": 5.0,
            "edge_s": 5.0,
            "edge_w": 5.0
          },
          "avg_gst": 5.375,
          "num_lanes": 4,
          "min_green_time": 5.0,
          "max_green_time": 30.0
        },
        "safety": {
          "total_accidents": 0,
          "near_misses": 0,
          "safety_score": 100
        },
        "per_lane_metrics": {
          "edge_n_0": {
            "edge_id": "edge_n",
            "lane_id": "edge_n_0",
            "vehicle_count": 1,
            "queue_length": 1,
            "waiting_time": 136.0,
            "average_speed": 0.11914269030989966,
            "occupancy_percent": 5,
            "green_signal_time": 0,
            "vehicle_types": {
              "car": 1
            },
            "lane_length": 100.0
          },
          "edge_e_0": {
            "edge_id": "edge_e",
            "lane_id": "edge_e_0",
            "vehicle_count": 0,
            "queue_length": 0,
            "waiting_time": 0.0,
            "average_speed": 4.841215285051337,
            "occupancy_percent": 0,
            "green_signal_time": 0,
            "vehicle_types": {
              "car": 0
            },
            "lane_length": 100.0
          },
          "edge_s_0": {
            "edge_id": "edge_s",
            "lane_id": "edge_s_0",
            "vehicle_count": 0,
            "queue_length": 0,
            "waiting_time": 21.0,
            "average_speed": 6.635495382866538,
            "occupancy_percent": 0,
            "green_signal_time": 0,
            "vehicle_types": {
              "car": 0
            },
            "lane_length": 100.0
          },
          "edge_w_0": {
            "edge_id": "edge_w",
            "lane_id": "edge_w_0",
            "vehicle_count": 0,
            "queue_length": 0,
            "waiting_time": 0.0,
            "average_speed": 2.326102960044725,
            "occupancy_percent": 0,
            "green_signal_time": 0,
            "vehicle_types": {
              "car": 0
            },
            "lane_length": 100.0
          }
        },
