{
  "round": 3,
  "mode": "Mock",
  "clustering": {
    "assignments": {
      "node_0": 4,
      "node_1": 4,
      "node_2": 1,
      "node_3": 5,
      "node_4": 5,
      "node_5": 1,
      "node_6": 3,
      "node_7": 1,
      "node_8": 4,
      "node_9": 5,
      "node_10": 4,
      "node_11": 0,
      "node_12": 3,
      "node_13": 1,
      "node_14": 1,
      "node_15": 1,
      "node_16": 1,
      "node_17": 5,
      "node_18": 2,
      "node_19": 5,
      "node_20": 0,
      "node_21": 5,
      "node_22": 1,
      "node_23": 4,
      "node_24": 4,
      "node_25": 3
    },
    "groups": {
      "4": [
        "node_0",
        "node_1",
        "node_8",
        "node_10",
        "node_23",
        "node_24"
      ],
      "1": [
        "node_2",
        "node_5",
        "node_7",
        "node_13",
        "node_14",
        "node_15",
        "node_16",
        "node_22"
      ],
      "5": [
        "node_3",
        "node_4",
        "node_9",
        "node_17",
        "node_19",
        "node_21"
      ],
      "3": [
        "node_6",
        "node_12",
        "node_25"
      ],
      "0": [
        "node_11",
        "node_20"
      ],
      "2": [
        "node_18"
      ]
    },
    "fingerprints": {
      "node_0": [
        7.494296577946768,
        9.855,
        0.0,
        23.0,
        0.0
      ],
      "node_1": [
        7.755102040816326,
        9.5,
        0.0,
        24.0,
        0.0
      ],
      "node_2": [
        7.162037037037037,
        7.735,
        0.0,
        22.0,
        0.0
      ],
      "node_3": [
        5.504347826086956,
        6.33,
        0.0,
        15.0,
        0.0
      ],
      "node_4": [
        5.404166666666667,
        6.485,
        0.0,
        16.0,
        0.0
      ],
      "node_5": [
        6.409836065573771,
        7.82,
        0.0,
        24.0,
        1.0
      ],
      "node_6": [
        5.946902654867257,
        6.72,
        0.0,
        17.0,
        0.0
      ],
      "node_7": [
        6.327354260089686,
        7.055,
        0.0,
        22.0,
        0.0
      ],
      "node_8": [
        7.833333333333333,
        8.93,
        0.0,
        23.0,
        0.0
      ],
      "node_9": [
        4.469387755102041,
        5.475,
        0.0,
        19.0,
        0.0
      ],
      "node_10": [
        7.2727272727272725,
        8.8,
        0.0,
        24.0,
        1.0
      ],
      "node_11": [
        6.286919831223629,
        7.45,
        0.0,
        28.0,
        3.0
      ],
      "node_12": [
        6.373015873015873,
        8.03,
        0.0,
        16.0,
        0.0
      ],
      "node_13": [
        5.977578475336323,
        6.665,
        0.0,
        22.0,
        0.0
      ],
      "node_14": [
        6.626459143968872,
        8.515,
        0.0,
        22.0,
        1.0
      ],
      "node_15": [
        6.872340425531915,
        8.075,
        0.0,
        21.0,
        0.0
      ],
      "node_16": [
        6.569105691056911,
        8.08,
        0.0,
        21.0,
        0.0
      ],
      "node_17": [
        4.7656903765690375,
        5.695,
        0.0,
        14.0,
        0.0
      ],
      "node_18": [
        11.806201550387597,
        15.23,
        0.0,
        26.0,
        0.0
      ],
      "node_19": [
        5.079295154185022,
        5.765,
        0.0,
        16.0,
        0.0
      ],
      "node_20": [
        7.431034482758621,
        8.62,
        0.0,
        20.0,
        2.0
      ],
      "node_21": [
        5.359649122807017,
        6.11,
        0.0,
        13.0,
        0.0
      ],
      "node_22": [
        6.418250950570342,
        8.44,
        0.0,
        24.0,
        0.0
      ],
      "node_23": [
        7.476190476190476,
        9.42,
        0.0,
        25.0,
        0.0
      ],
      "node_24": [
        7.662601626016261,
        9.425,
        0.0,
        26.0,
        0.0
      ],
      "node_25": [
        6.170731707317073,
        7.59,
        0.0,
        17.0,
        0.0
      ]
    },
    "similarity_matrix": [
      [
        1.0,
        0.999642476980521,
        0.9979381021930039,
        0.999373197554709,
        0.9997455506897832,
        0.994628160286028,
        0.9993567769758886,
        0.9955978033251502,
        0.9993228563528859,
        0.9904369449139807,
        0.9978865794163726,
        0.982203445210842,
        0.9970574919712021,
        0.9936607623605274,
        0.9984397752721589,
        0.9993335034367292,
        0.9993289794234637,
        0.9997397956051209,
        0.9896370437318327,
        0.9984036043108274,
        0.9955298080434752,
        0.9972790653183333,
        0.9969750198339794,
        0.9989236477490765,
        0.9982838566637613,
        0.999474301327571
      ],
      [
        0.999642476980521,
        1.0,
        0.9992916884597001,
        0.9991888519772166,
        0.9999034245818224,
        0.9965540403877293,
        0.9997432549864731,
        0.9976515497343271,
        0.9998593423554335,
        0.9932482388213099,
        0.9988867166464399,
        0.9855282137669366,
        0.9952332890139057,
        0.9961270865199401,
        0.9989791815170652,
        0.9999453812102923,
        0.999927051232991,
        0.9998671415290278,
        0.9862617485297155,
        0.9995555621183803,
        0.9951569212880975,
        0.9961222752770108,
        0.9983021177744684,
        0.9996929090685499,
        0.9993753753156562,
        0.9987622504243843
      ],
      [
        0.9979381021930039,
        0.9992916884597001,
        0.9999999999999998,
        0.9979093667809659,
        0.9989786303422503,
        0.9978026780046044,
        0.999194606646266,
        0.9991745670395505,
        0.9994814592412617,
        0.9955951582946527,
        0.9989950036273189,
        0.9885571718968686,
        0.9917715959436219,
        0.9981584974258905,
        0.998429859806499,
        0.9996143595125806,
        0.9995116884798686,
        0.9989109974187992,
        0.9808337403439087,
        0.9999425543815246,
        0.9936348686312549,
        0.993662508328043,
        0.9987074789244327,
        0.9994567027794456,
        0.9995737604874435,
        0.9967204068228998
      ],
      [
        0.999373197554709,
        0.9991888519772166,
        0.9979093667809659,
        1.0,
        0.9996515539125358,
        0.9930150806514799,
        0.9996980404740289,
        0.9946605883448727,
        0.9994479131080433,
        0.9881160667140495,
        0.9970578347846442,
        0.9797275314370562,
        0.9979397884898021,
        0.9923715137068534,
        0.9973972104217196,
        0.9990921913512966,
        0.998653248318984,
        0.9997122266021236,
        0.9913692483451477,
        0.9980609957523144,
        0.9962144888425695,
        0.9988051716636666,
        0.9951714700105583,
        0.9978943841858317,
        0.9972343193649515,
        0.9997916269999321
      ],
      [
        0.9997455506897832,
        0.9999034245818224,
        0.9989786303422503,
        0.9996515539125358,
        1.0,
        0.9955003515553305,
        0.9999038970359188,
        0.9967795482408892,
        0.9998930548797031,
        0.9916360333733782,
        0.9984316948935071,
        0.9836770643006818,
        0.996373086973709,
        0.994987351622585,
        0.9986184286271935,
        0.9998285118265418,
        0.9996688507061917,
        0.9999970994456167,
        0.988245875910396,
        0.999209604319474,
        0.9957064088832948,
        0.9972382184459551,
        0.9974006875193236,
        0.9992538197674774,
        0.9988131052582836,
        0.9993110776848025
      ],
      [
        0.994628160286028,
        0.9965540403877293,
        0.9978026780046044,
        0.9930150806514799,
        0.9955003515553305,
        1.0,
        0.9953594934051668,
        0.9990799555247687,
        0.9961257780219536,
        0.9983560664999415,
        0.9989754385697992,
        0.9960198197235107,
        0.9846475740439552,
        0.9990440946034667,
        0.998307759112171,
        0.9968664154798219,
        0.9973664433884817,
        0.9953032683990873,
        0.9707545851338962,
        0.9979598017920863,
        0.9917795331002911,
        0.9863841052242517,
        0.9990102621499442,
        0.9980120199819908,
        0.9985287916501954,
        0.9916630228530304
      ],
      [
        0.9993567769758886,
        0.9997432549864731,
        0.999194606646266,
        0.9996980404740289,
        0.9999038970359188,
        0.9953594934051668,
        1.0,
        0.9968816261550181,
        0.9999579453452749,
        0.9914895336982523,
        0.9983107399435078,
        0.9836079781392056,
        0.9961002282870274,
        0.9950798335683098,
        0.9983180922689487,
        0.9997969253984423,
        0.9994977161443818,
        0.9999143805955973,
        0.9878621830673595,
        0.9992779944000787,
        0.9957254904070182,
        0.9973298293940707,
        0.9970539320552193,
        0.9990136248254226,
        0.9986451658111555,
        0.999131919866822
      ],
      [
        0.9955978033251502,
        0.9976515497343271,
        0.9991745670395505,
        0.9946605883448727,
        0.9967795482408892,
        0.9990799555247687,
        0.9968816261550181,
        0.9999999999999999,
        0.9975402303856757,
        0.9985702408446752,
        0.9984604601692476,
        0.992303650461588,
        0.9863434469202518,
        0.9997948139208681,
        0.9975344534698207,
        0.9980894720536257,
        0.9983573260797016,
        0.996616312468843,
        0.9728152752625248,
        0.9991548954666177,
        0.9901189698046922,
        0.9884569744588556,
        0.9994338676114486,
        0.998822628449553,
        0.9993440057155732,
        0.9931171498133295
      ],
      [
        0.9993228563528859,
        0.9998593423554335,
        0.9994814592412617,
        0.9994479131080433,
        0.9998930548797031,
        0.9961257780219536,
        0.9999579453452749,
        0.9975402303856757,
        1.0,
        0.9926340796041984,
        0.9986723805370054,
        0.9849190563000432,
        0.9953702551264234,
        0.9959193274648765,
        0.9986043653836939,
        0.9999349701020359,
        0.9997227246969009,
        0.9998817471914254,
        0.98655192138853,
        0.999577770462336,
        0.9954145075002827,
        0.9966393216866071,
        0.9977039273499927,
        0.9993569075742822,
        0.999076583976854,
        0.9988089681020145
      ],
      [
        0.9904369449139807,
        0.9932482388213099,
        0.9955951582946527,
        0.9881160667140495,
        0.9916360333733782,
        0.9983560664999415,
        0.9914895336982523,
        0.9985702408446752,
        0.9926340796041984,
        1.0000000000000002,
        0.9954335878806381,
        0.9946831863600305,
        0.9772330705360406,
        0.9993972989458789,
        0.994150173529663,
        0.9937613375593549,
        0.9945732233935435,
        0.9913449111964175,
        0.960518436232498,
        0.99570331884281,
        0.9832621201065599,
        0.9794258330947614,
        0.9981232750854122,
        0.9957334831806364,
        0.9967263037173346,
        0.9862498624836973
      ],
      [
        0.9978865794163726,
        0.9988867166464399,
        0.9989950036273189,
        0.9970578347846442,
        0.9984316948935071,
        0.9989754385697992,
        0.9983107399435078,
        0.9984604601692476,
        0.9986723805370054,
        0.9954335878806381,
        1.0,
        0.9920962180456537,
        0.9913473960585208,
        0.9975079866052015,
        0.9998421694632514,
        0.9989948619062068,
        0.9991532924074719,
        0.9983356197874657,
        0.9804578276968545,
        0.9991933589086619,
        0.9960732868168144,
        0.9926236923401028,
        0.9987592048976429,
        0.9992468498638863,
        0.9992628719617166,
        0.9962369693282694
      ],
      [
        0.982203445210842,
        0.9855282137669366,
        0.9885571718968686,
        0.9797275314370562,
        0.9836770643006818,
        0.9960198197235107,
        0.9836079781392056,
        0.992303650461588,
        0.9849190563000432,
        0.9946831863600305,
        0.9920962180456537,
        1.0,
        0.9675395151930481,
        0.9935468565266495,
        0.9908230881330093,
        0.986190141533488,
        0.9870931641678768,
        0.9833469013074054,
        0.9494904384759699,
        0.9885796600911891,
        0.9834627302292298,
        0.9700941222968249,
        0.9914883410366956,
        0.9884714542662155,
        0.9897225942360961,
        0.9775262486181798
      ],
      [
        0.9970574919712021,
        0.9952332890139057,
        0.9917715959436219,
        0.9979397884898021,
        0.996373086973709,
        0.9846475740439552,
        0.9961002282870274,
        0.9863434469202518,
        0.9953702551264234,
        0.9772330705360406,
        0.9913473960585208,
        0.9675395151930481,
        1.0,
        0.9828702398163087,
        0.9926875360113603,
        0.9946348067251383,
        0.993995910055431,
        0.9965435006718869,
        0.9976685830272704,
        0.9922421679027293,
        0.9946535162083397,
        0.9995922897745895,
        0.9881469351639581,
        0.9926330983220647,
        0.9911825086250451,
        0.9988444711575636
      ],
      [
        0.9936607623605274,
        0.9961270865199401,
        0.9981584974258905,
        0.9923715137068534,
        0.994987351622585,
        0.9990440946034667,
        0.9950798335683098,
        0.9997948139208681,
        0.9959193274648765,
        0.9993972989458789,
        0.9975079866052015,
        0.9935468565266495,
        0.9828702398163087,
        0.9999999999999999,
        0.9963537389786481,
        0.9966557759339773,
        0.9970768507899964,
        0.9947789426594724,
        0.9680047405290797,
        0.9981208722010734,
        0.9876900090412849,
        0.9851875208505531,
        0.9990655472139467,
        0.9977892213705488,
        0.9985342237939715,
        0.9905918275401975
      ],
      [
        0.9984397752721589,
        0.9989791815170652,
        0.998429859806499,
        0.9973972104217196,
        0.9986184286271935,
        0.998307759112171,
        0.9983180922689487,
        0.9975344534698207,
        0.9986043653836939,
        0.994150173529663,
        0.9998421694632514,
        0.9908230881330093,
        0.9926875360113603,
        0.9963537389786481,
        1.0000000000000002,
        0.9989106882967184,
        0.999114330514527,
        0.9985357983701941,
        0.9826918640761216,
        0.998780563360744,
        0.9967993952343708,
        0.9934933232032118,
        0.9983598497934533,
        0.9991307746170446,
        0.9989473052920995,
        0.9969316264424222
      ],
      [
        0.9993335034367292,
        0.9999453812102923,
        0.9996143595125806,
        0.9990921913512966,
        0.9998285118265418,
        0.9968664154798219,
        0.9997969253984423,
        0.9980894720536257,
        0.9999349701020359,
        0.9937613375593549,
        0.9989948619062068,
        0.986190141533488,
        0.9946348067251383,
        0.9966557759339773,
        0.9989106882967184,
        1.0000000000000002,
        0.9999231637824539,
        0.9997905502034499,
        0.9852648319743131,
        0.9997735154169604,
        0.995006518131454,
        0.9958210891835293,
        0.9983956095327616,
        0.9997008431486558,
        0.9994857724969186,
        0.9984553065636398
      ],
      [
        0.9993289794234637,
        0.999927051232991,
        0.9995116884798686,
        0.998653248318984,
        0.9996688507061917,
        0.9973664433884817,
        0.9994977161443818,
        0.9983573260797016,
        0.9997227246969009,
        0.9945732233935435,
        0.9991532924074719,
        0.9870931641678768,
        0.993995910055431,
        0.9970768507899964,
        0.999114330514527,
        0.9999231637824539,
        1.0,
        0.9996052125391462,
        0.9842214193382096,
        0.9997689811133097,
        0.9945351710861037,
        0.9949976073807489,
        0.9989229557492071,
        0.9999150023806559,
        0.999728796067258,
        0.9980912355815532
      ],
      [
        0.9997397956051209,
        0.9998671415290278,
        0.9989109974187992,
        0.9997122266021236,
        0.9999970994456167,
        0.9953032683990873,
        0.9999143805955973,
        0.996616312468843,
        0.9998817471914254,
        0.9913449111964175,
        0.9983356197874657,
        0.9833469013074054,
        0.9965435006718869,
        0.9947789426594724,
        0.9985357983701941,
        0.9997905502034499,
        0.9996052125391462,
        0.9999999999999999,
        0.988557089011838,
        0.9991344348217894,
        0.9957813931103603,
        0.997409523419877,
        0.9972264235983513,
        0.9991588017797635,
        0.9986983323941114,
        0.9993832087168786
      ],
      [
        0.9896370437318327,
        0.9862617485297155,
        0.9808337403439087,
        0.9913692483451477,
        0.988245875910396,
        0.9707545851338962,
        0.9878621830673595,
        0.9728152752625248,
        0.98655192138853,
        0.960518436232498,
        0.9804578276968545,
        0.9494904384759699,
        0.9976685830272704,
        0.9680047405290797,
        0.9826918640761216,
        0.9852648319743131,
        0.9842214193382096,
        0.988557089011838,
        1.0000000000000002,
        0.9814717199838404,
        0.9886264737004374,
        0.9962949147929275,
        0.9754913504185558,
        0.9820915285335386,
        0.9798464405412284,
        0.9932367489834965
      ],
      [
        0.9984036043108274,
        0.9995555621183803,
        0.9999425543815246,
        0.9980609957523144,
        0.999209604319474,
        0.9979598017920863,
        0.9992779944000787,
        0.9991548954666177,
        0.999577770462336,
        0.99570331884281,
        0.9991933589086619,
        0.9885796600911891,
        0.9922421679027293,
        0.9981208722010734,
        0.998780563360744,
        0.9997735154169604,
        0.9997689811133097,
        0.9991344348217894,
        0.9814717199838404,
        0.9999999999999999,
        0.9938160539064549,
        0.9938396032004253,
        0.999043889033209,
        0.9997520024002585,
        0.9997995681762284,
        0.9970605169073486
      ],
      [
        0.9955298080434752,
        0.9951569212880975,
        0.9936348686312549,
        0.9962144888425695,
        0.9957064088832948,
        0.9917795331002911,
        0.9957254904070182,
        0.9901189698046922,
        0.9954145075002827,
        0.9832621201065599,
        0.9960732868168144,
        0.9834627302292298,
        0.9946535162083397,
        0.9876900090412849,
        0.9967993952343708,
        0.995006518131454,
        0.9945351710861037,
        0.9957813931103603,
        0.9886264737004374,
        0.9938160539064549,
        0.9999999999999998,
        0.9953811224379212,
        0.990759710144784,
        0.9936993449331329,
        0.9929479404829313,
        0.9961306839953133
      ],
      [
        0.9972790653183333,
        0.9961222752770108,
        0.993662508328043,
        0.9988051716636666,
        0.9972382184459551,
        0.9863841052242517,
        0.9973298293940707,
        0.9884569744588556,
        0.9966393216866071,
        0.9794258330947614,
        0.9926236923401028,
        0.9700941222968249,
        0.9995922897745895,
        0.9851875208505531,
        0.9934933232032118,
        0.9958210891835293,
        0.9949976073807489,
        0.997409523419877,
        0.9962949147929275,
        0.9938396032004253,
        0.9953811224379212,
        1.0,
        0.9893080477875456,
        0.9936370158625334,
        0.9924476875569707,
        0.9991448202315693
      ],
      [
        0.9969750198339794,
        0.9983021177744684,
        0.9987074789244327,
        0.9951714700105583,
        0.9974006875193236,
        0.9990102621499442,
        0.9970539320552193,
        0.9994338676114486,
        0.9977039273499927,
        0.9981232750854122,
        0.9987592048976429,
        0.9914883410366956,
        0.9881469351639581,
        0.9990655472139467,
        0.9983598497934533,
        0.9983956095327616,
        0.9989229557492071,
        0.9972264235983513,
        0.9754913504185558,
        0.999043889033209,
        0.990759710144784,
        0.9893080477875456,
        0.9999999999999999,
        0.9994389886328496,
        0.9996885293212756,
        0.9942676349371099
      ],
      [
        0.9989236477490765,
        0.9996929090685499,
        0.9994567027794456,
        0.9978943841858317,
        0.9992538197674774,
        0.9980120199819908,
        0.9990136248254226,
        0.998822628449553,
        0.9993569075742822,
        0.9957334831806364,
        0.9992468498638863,
        0.9884714542662155,
        0.9926330983220647,
        0.9977892213705488,
        0.9991307746170446,
        0.9997008431486558,
        0.9999150023806559,
        0.9991588017797635,
        0.9820915285335386,
        0.9997520024002585,
        0.9936993449331329,
        0.9936370158625334,
        0.9994389886328496,
        0.9999999999999998,
        0.9999232566975177,
        0.9972653777102981
      ],
      [
        0.9982838566637613,
        0.9993753753156562,
        0.9995737604874435,
        0.9972343193649515,
        0.9988131052582836,
        0.9985287916501954,
        0.9986451658111555,
        0.9993440057155732,
        0.999076583976854,
        0.9967263037173346,
        0.9992628719617166,
        0.9897225942360961,
        0.9911825086250451,
        0.9985342237939715,
        0.9989473052920995,
        0.9994857724969186,
        0.999728796067258,
        0.9986983323941114,
        0.9798464405412284,
        0.9997995681762284,
        0.9929479404829313,
        0.9924476875569707,
        0.9996885293212756,
        0.9999232566975177,
        1.0,
        0.9963823556712836
      ],
      [
        0.999474301327571,
        0.9987622504243843,
        0.9967204068228998,
        0.9997916269999321,
        0.9993110776848025,
        0.9916630228530304,
        0.999131919866822,
        0.9931171498133295,
        0.9988089681020145,
        0.9862498624836973,
        0.9962369693282694,
        0.9775262486181798,
        0.9988444711575636,
        0.9905918275401975,
        0.9969316264424222,
        0.9984553065636398,
        0.9980912355815532,
        0.9993832087168786,
        0.9932367489834965,
        0.9970605169073486,
        0.9961306839953133,
        0.9991448202315693,
        0.9942676349371099,
        0.9972653777102981,
        0.9963823556712836,
        1.0
      ]
    ],
    "similarity_node_order": [
      "node_0",
      "node_1",
      "node_2",
      "node_3",
      "node_4",
      "node_5",
      "node_6",
      "node_7",
      "node_8",
      "node_9",
      "node_10",
      "node_11",
      "node_12",
      "node_13",
      "node_14",
      "node_15",
      "node_16",
      "node_17",
      "node_18",
      "node_19",
      "node_20",
      "node_21",
      "node_22",
      "node_23",
      "node_24",
      "node_25"
    ]
  },
  "cluster_info": {
    "cluster_0": {
      "avg_flow": 0.01,
      "members": [
        "node_11",
        "node_20"
      ],
      "congestion": 6.858977156991125
    },
    "cluster_1": {
      "avg_flow": 0.01,
      "members": [
        "node_2",
        "node_5",
        "node_7",
        "node_13",
        "node_14",
        "node_15",
        "node_16",
        "node_22"
      ],
      "congestion": 6.545370256145607
    },
    "cluster_2": {
      "avg_flow": 0.01,
      "members": [
        "node_18"
      ],
      "congestion": 11.806201550387597
    },
    "cluster_3": {
      "avg_flow": 0.01,
      "members": [
        "node_6",
        "node_12",
        "node_25"
      ],
      "congestion": 6.163550078400068
    },
    "cluster_4": {
      "avg_flow": 0.01,
      "members": [
        "node_0",
        "node_1",
        "node_8",
        "node_10",
        "node_23",
        "node_24"
      ],
      "congestion": 7.58237522117174
    },
    "cluster_5": {
      "avg_flow": 0.01,
      "members": [
        "node_3",
        "node_4",
        "node_9",
        "node_17",
        "node_19",
        "node_21"
      ],
      "congestion": 5.097089483569457
    }
  },
  "nodes": {
    "node_0": {
      "node_id": "node_0",
      "cluster_id": "cluster_4",
      "total_reward": -197.10000000000014,
      "avg_waiting_time": 7.494296577946768,
      "loss": 0.49176135659217834,
      "metrics": {
        "total_waiting_time": 1971.0,
        "total_vehicles": 263,
        "average_queue_length": 9.855,
        "max_queue_length": 23,
        "steps": 200,
        "avg_waiting_time_per_vehicle": 7.494296577946768,
        "green_signal_time": {
          "per_edge": {
            "edge_n": 6.5,
            "edge_e": 11.0,
            "edge_s": 5.0,
            "edge_w": 12.5
          },
          "avg_gst": 8.75,
          "num_lanes": 4,
          "min_green_time": 5.0,
          "max_green_time": 30.0
        },
        "safety": {
          "total_accidents": 0,
          "near_misses": 0,
          "safety_score": 100
        },
        "per_lane_metrics": {
          "edge_n_0": {
            "edge_id": "edge_n",
            "lane_id": "edge_n_0",
            "vehicle_count": 1,
            "queue_length": 1,
            "waiting_time": 104.0,
            "average_speed": 1.6857566300400832,
            "occupancy_percent": 5,
            "green_signal_time": 0,
            "vehicle_types": {
              "car": 1
            },
            "lane_length": 100.0
          },
          "edge_e_0": {
            "edge_id": "edge_e",
            "lane_id": "edge_e_0",
            "vehicle_count": 4,
            "queue_length": 4,
            "waiting_time": 110.0,
            "average_speed": 0.35837354283227874,
            "occupancy_percent": 20,
            "green_signal_time": 0,
            "vehicle_types": {
              "car": 4
            },
            "lane_length": 100.0
          },
          "edge_s_0": {
            "edge_id": "edge_s",
            "lane_id": "edge_s_0",
            "vehicle_count": 0,
            "queue_length": 0,
            "waiting_time": 80.0,
            "average_speed": 0.9526492110551316,
            "occupancy_percent": 0,
            "green_signal_time": 0,
            "vehicle_types": {
              "car": 0
            },
            "lane_length": 100.0
          },
          "edge_w_0": {
            "edge_id": "edge_w",
            "lane_id": "edge_w_0",
            "vehicle_count": 5,
            "queue_length": 5,
            "waiting_time": 403.0,
            "average_speed": 4.781845446722995,
            "occupancy_percent": 25,
            "green_signal_time": 0,
            "vehicle_types": {
              "car": 5
            },
            "lane_length": 100.0
          }
        },
        "lane_summary": {
          "total_waiting_time": 1971.0,
          "total_queue_length": 9.855,
          "num_congested_lanes": 0.0,
          "total_lanes": 4.0,
          "average_gst": 0.0,
          "min_gst": 0.0,
          "max_gst": 0.0,
          "max_queue_length": 23.0,
          "max_waiting_time": 1971.0,
          "average_speed": 0.0,
          "num_active_lanes": 3.0,
          "total_occupancy": 49.275000000000006,
          "total_vehicles": 263
        },
        "total_reward": -197.10000000000014
      }
    },
    "node_1": {
      "node_id": "node_1",
      "cluster_id": "cluster_4",
      "total_reward": -189.99999999999994,
      "avg_waiting_time": 7.755102040816326,
      "loss": 0.37347573041915894,
      "metrics": {
        "total_waiting_time": 1900.0,
        "total_vehicles": 245,
        "average_queue_length": 9.5,
        "max_queue_length": 24,
        "steps": 200,
        "avg_waiting_time_per_vehicle": 7.755102040816326,
        "green_signal_time": {
          "per_edge": {
            "edge_n": 5.0,
            "edge_e": 8.0,
            "edge_s": 8.0,
            "edge_w": 9.5
          },
          "avg_gst": 7.625,
          "num_lanes": 4,
          "min_green_time": 5.0,
          "max_green_time": 30.0
        },
        "safety": {
          "total_accidents": 0,
          "near_misses": 0,
          "safety_score": 100
        },
        "per_lane_metrics": {
          "edge_n_0": {
            "edge_id": "edge_n",
            "lane_id": "edge_n_0",
            "vehicle_count": 0,
            "queue_length": 0,
            "waiting_time": 317.0,
            "average_speed": 0.33633981896683207,
            "occupancy_percent": 0,
            "green_signal_time": 0,
            "vehicle_types": {
              "car": 0
            },
            "lane_length": 100.0
          },
          "edge_e_0": {
            "edge_id": "edge_e",
            "lane_id": "edge_e_0",
            "vehicle_count": 2,
            "queue_length": 2,
            "waiting_time": 44.0,
            "average_speed": 0.5249415763141507,
            "occupancy_percent": 10,
            "green_signal_time": 0,
            "vehicle_types": {
              "car": 2
            },
            "lane_length": 100.0
          },
          "edge_s_0": {
            "edge_id": "edge_s",
            "lane_id": "edge_s_0",
            "vehicle_count": 2,
            "queue_length": 2,
            "waiting_time": 160.0,
            "average_speed": 0.8102588021595936,
            "occupancy_percent": 10,
            "green_signal_time": 0,
            "vehicle_types": {
              "car": 2
            },
            "lane_length": 100.0
          },
          "edge_w_0": {
            "edge_id": "edge_w",
            "lane_id": "edge_w_0",
            "vehicle_count": 3,
            "queue_length": 3,
            "waiting_time": 228.0,
            "average_speed": 4.667898132432249,
            "occupancy_percent": 15,
            "green_signal_time": 0,
            "vehicle_types": {
              "car": 3
            },
            "lane_length": 100.0
          }
        },
        "lane_summary": {
          "total_waiting_time": 1900.0,
          "total_queue_length": 9.5,
          "num_congested_lanes": 0.0,
          "total_lanes": 4.0,
          "average_gst": 0.0,
          "min_gst": 0.0,
          "max_gst": 0.0,
          "max_queue_length": 24.0,
          "max_waiting_time": 1900.0,
          "average_speed": 0.0,
          "num_active_lanes": 3.0,
          "total_occupancy": 47.5,
          "total_vehicles": 245
        },
        "total_reward": -189.99999999999994
      }
    },
    "node_10": {
      "node_id": "node_10",
      "cluster_id": "cluster_4",
      "total_reward": -176.00000000000014,
      "avg_waiting_time": 7.2727272727272725,
      "loss": 0.3711543679237366,
      "metrics": {
        "total_waiting_time": 1760.0,
        "total_vehicles": 242,
        "average_queue_length": 8.8,
        "max_queue_length": 24,
        "steps": 200,
        "avg_waiting_time_per_vehicle": 7.2727272727272725,
        "green_signal_time": {
          "per_edge": {
            "edge_n": 8.0,
            "edge_e": 5.0,
            "edge_s": 8.0,
            "edge_w": 15.5
          },
          "avg_gst": 9.125,
          "num_lanes": 4,
          "min_green_time": 5.0,
          "max_green_time": 30.0
        },
        "safety": {
          "total_accidents": 0,
          "near_misses": 0,
          "safety_score": 100
        },
        "per_lane_metrics": {
          "edge_n_0": {
            "edge_id": "edge_n",
            "lane_id": "edge_n_0",
            "vehicle_count": 2,
            "queue_length": 2,
            "waiting_time": 289.0,
            "average_speed": 1.3718412233870962,
            "occupancy_percent": 10,
            "green_signal_time": 0,
            "vehicle_types": {
              "car": 2
            },
            "lane_length": 100.0
          },
          "edge_e_0": {
            "edge_id": "edge_e",
            "lane_id": "edge_e_0",
            "vehicle_count": 0,
            "queue_length": 0,
            "waiting_time": 9.0,
            "average_speed": 10.047656680377914,
            "occupancy_percent": 0,
            "green_signal_time": 0,
            "vehicle_types": {
              "car": 0
            },
            "lane_length": 100.0
          },
          "edge_s_0": {
            "edge_id": "edge_s",
            "lane_id": "edge_s_0",
            "vehicle_count": 2,
            "queue_length": 2,
            "waiting_time": 273.0,
            "average_speed": 2.458067342016882,
            "occupancy_percent": 10,
            "green_signal_time": 0,
            "vehicle_types": {
              "car": 2
            },
            "lane_length": 100.0
          },
          "edge_w_0": {
            "edge_id": "edge_w",
            "lane_id": "edge_w_0",
            "vehicle_count": 7,
            "queue_length": 7,
            "waiting_time": 104.0,
            "average_speed": 1.0736244999820144,
            "occupancy_percent": 35,
            "green_signal_time": 0,
            "vehicle_types": {
              "car": 7
            },
            "lane_length": 100.0
          }
        },
        "lane_summary": {
          "total_waiting_time": 1760.0,
          "total_queue_length": 8.8,
          "num_congested_lanes": 1.0,
          "total_lanes": 4.0,
          "average_gst": 0.0,
          "min_gst": 0.0,
          "max_gst": 0.0,
          "max_queue_length": 24.0,
          "max_waiting_time": 1760.0,
          "average_speed": 0.0,
          "num_active_lanes": 3.0,
          "total_occupancy": 44.0,
          "total_vehicles": 242
        },
        "total_reward": -176.00000000000014
      }
    },
    "node_11": {
      "node_id": "node_11",
      "cluster_id": "cluster_0",
      "total_reward": -149.0,
      "avg_waiting_time": 6.286919831223629,
      "loss": 0.3151133060455322,
      "metrics": {
        "total_waiting_time": 1490.0,
        "total_vehicles": 237,
        "average_queue_length": 7.45,
        "max_queue_length": 28,
        "steps": 200,
        "avg_waiting_time_per_vehicle": 6.286919831223629,
        "green_signal_time": {
          "per_edge": {
            "edge_n": 6.5,
            "edge_e": 14.0,
            "edge_s": 15.5,
            "edge_w": 14.0
          },
          "avg_gst": 12.5,
          "num_lanes": 4,
          "min_green_time": 5.0,
          "max_green_time": 30.0
        },
        "safety": {
          "total_accidents": 0,
          "near_misses": 0,
          "safety_score": 100
        },
        "per_lane_metrics": {
          "edge_n_0": {
            "edge_id": "edge_n",
            "lane_id": "edge_n_0",
            "vehicle_count": 1,
            "queue_length": 1,
            "waiting_time": 122.0,
            "average_speed": 0.8720136051186067,
            "occupancy_percent": 5,
            "green_signal_time": 0,
            "vehicle_types": {
              "car": 1
            },
            "lane_length": 100.0
          },
          "edge_e_0": {
            "edge_id": "edge_e",
            "lane_id": "edge_e_0",
            "vehicle_count": 6,
            "queue_length": 6,
            "waiting_time": 188.0,
            "average_speed": 1.3281482235234416,
            "occupancy_percent": 30,
            "green_signal_time": 0,
            "vehicle_types": {
              "car": 6
            },
            "lane_length": 100.0
          },
          "edge_s_0": {
            "edge_id": "edge_s",
            "lane_id": "edge_s_0",
            "vehicle_count": 7,
            "queue_length": 7,
            "waiting_time": 141.0,
            "average_speed": 2.0429173063186883,
            "occupancy_percent": 35,
            "green_signal_time": 0,
            "vehicle_types": {
              "car": 7
            },
            "lane_length": 100.0
          },
          "edge_w_0": {
            "edge_id": "edge_w",
            "lane_id": "edge_w_0",
            "vehicle_count": 6,
            "queue_length": 6,
            "waiting_time": 152.0,
            "average_speed": 2.1298383352569026,
            "occupancy_percent": 30,
            "green_signal_time": 0,
            "vehicle_types": {
              "car": 6
            },
            "lane_length": 100.0
          }
        },
        "lane_summary": {
          "total_waiting_time": 1490.0,
          "total_queue_length": 7.45,
          "num_congested_lanes": 3.0,
          "total_lanes": 4.0,
          "average_gst": 0.0,
          "min_gst": 0.0,
          "max_gst": 0.0,
          "max_queue_length": 28.0,
          "max_waiting_time": 1490.0,
          "average_speed": 0.0,
          "num_active_lanes": 4.0,
          "total_occupancy": 37.25,
          "total_vehicles": 237
        },
        "total_reward": -149.0
      }
    },
    "node_12": {
      "node_id": "node_12",
      "cluster_id": "cluster_3",
      "total_reward": -160.60000000000002,
      "avg_waiting_time": 6.373015873015873,
      "loss": 0.33512091636657715,
      "metrics": {
        "total_waiting_time": 1606.0,
        "total_vehicles": 252,
        "average_queue_length": 8.03,
        "max_queue_length": 16,
        "steps": 200,
        "avg_waiting_time_per_vehicle": 6.373015873015873,
        "green_signal_time": {
          "per_edge": {
            "edge_n": 11.0,
            "edge_e": 6.5,
            "edge_s": 8.0,
            "edge_w": 6.5
          },
          "avg_gst": 8.0,
          "num_lanes": 4,
          "min_green_time": 5.0,
          "max_green_time": 30.0
        },
        "safety": {
          "total_accidents": 0,
          "near_misses": 0,
          "safety_score": 100
        },
        "per_lane_metrics": {
          "edge_n_0": {
            "edge_id": "edge_n",
            "lane_id": "edge_n_0",
            "vehicle_count": 4,
            "queue_length": 4,
            "waiting_time": 42.0,
            "average_speed": 2.5029445903132244,
            "occupancy_percent": 20,
            "green_signal_time": 0,
            "vehicle_types": {
              "car": 4
            },
            "lane_length": 100.0
          },
          "edge_e_0": {
            "edge_id": "edge_e",
            "lane_id": "edge_e_0",
            "vehicle_count": 1,
            "queue_length": 1,
            "waiting_time": 149.0,
            "average_speed": 1.7182432954348488,
            "occupancy_percent": 5,
            "green_signal_time": 0,
            "vehicle_types": {
              "car": 1
            },
            "lane_length": 100.0
          },
          "edge_s_0": {
            "edge_id": "edge_s",
            "lane_id": "edge_s_0",
            "vehicle_count": 2,
            "queue_length": 2,
            "waiting_time": 177.0,
            "average_speed": 4.544303246874543,
            "occupancy_percent": 10,
            "green_signal_time": 0,
            "vehicle_types": {
              "car": 2
            },
            "lane_length": 100.0
          },
          "edge_w_0": {
            "edge_id": "edge_w",
            "lane_id": "edge_w_0",
            "vehicle_count": 1,
            "queue_length": 1,
            "waiting_time": 52.0,
            "average_speed": 1.3181761537702341,
            "occupancy_percent": 5,
            "green_signal_time": 0,
            "vehicle_types": {
              "car": 1
            },
            "lane_length": 100.0
          }
