{
  "round": 5,
  "mode": "Mock",
  "clustering": {
    "assignments": {
      "node_0": 0,
      "node_1": 3,
      "node_2": 2,
      "node_3": 0,
      "node_4": 0,
      "node_5": 2,
      "node_6": 4,
      "node_7": 0,
      "node_8": 1,
      "node_9": 5,
      "node_10": 3,
      "node_11": 0,
      "node_12": 3,
      "node_13": 2,
      "node_14": 2,
      "node_15": 5,
      "node_16": 5,
      "node_17": 0,
      "node_18": 5,
      "node_19": 0,
      "node_20": 1,
      "node_21": 3,
      "node_22": 2,
      "node_23": 2,
      "node_24": 3,
      "node_25": 5
    },
    "groups": {
      "0": [
        "node_0",
        "node_3",
        "node_4",
        "node_7",
        "node_11",
        "node_17",
        "node_19"
      ],
      "3": [
        "node_1",
        "node_10",
        "node_12",
        "node_21",
        "node_24"
      ],
      "2": [
        "node_2",
        "node_5",
        "node_13",
        "node_14",
        "node_22",
        "node_23"
      ],
      "4": [
        "node_6"
      ],
      "1": [
        "node_8",
        "node_20"
      ],
      "5": [
        "node_9",
        "node_15",
        "node_16",
        "node_18",
        "node_25"
      ]
    },
    "fingerprints": {
      "node_0": [
        5.427966101694915,
        6.405,
        0.0,
        15.0,
        0.0
      ],
      "node_1": [
        7.227091633466135,
        9.07,
        0.0,
        18.0,
        1.0
      ],
      "node_2": [
        5.7215189873417724,
        6.78,
        0.0,
        25.0,
        0.0
      ],
      "node_3": [
        4.8962655601659755,
        5.9,
        0.0,
        14.0,
        0.0
      ],
      "node_4": [
        7.257918552036199,
        8.02,
        0.0,
        15.0,
        0.0
      ],
      "node_5": [
        6.8921161825726145,
        8.305,
        0.0,
        23.0,
        1.0
      ],
      "node_6": [
        13.521072796934867,
        17.645,
        0.0,
        27.0,
        2.0
      ],
      "node_7": [
        5.614406779661017,
        6.625,
        0.0,
        16.0,
        0.0
      ],
      "node_8": [
        7.920634920634921,
        9.98,
        0.0,
        24.0,
        1.0
      ],
      "node_9": [
        4.614285714285714,
        6.46,
        0.0,
        20.0,
        0.0
      ],
      "node_10": [
        7.5807692307692305,
        9.855,
        0.0,
        18.0,
        1.0
      ],
      "node_11": [
        5.270042194092827,
        6.245,
        0.0,
        13.0,
        0.0
      ],
      "node_12": [
        6.293877551020408,
        7.71,
        0.0,
        19.0,
        0.0
      ],
      "node_13": [
        7.515873015873016,
        9.47,
        0.0,
        23.0,
        0.0
      ],
      "node_14": [
        7.527196652719665,
        8.995,
        0.0,
        23.0,
        0.0
      ],
      "node_15": [
        5.491803278688525,
        6.7,
        0.0,
        18.0,
        0.0
      ],
      "node_16": [
        5.401709401709402,
        6.32,
        0.0,
        16.0,
        1.0
      ],
      "node_17": [
        5.687258687258687,
        7.365,
        0.0,
        17.0,
        0.0
      ],
      "node_18": [
        5.946938775510204,
        7.285,
        0.0,
        19.0,
        1.0
      ],
      "node_19": [
        4.830578512396694,
        5.845,
        0.0,
        15.0,
        0.0
      ],
      "node_20": [
        10.5,
        13.335,
        0.0,
        27.0,
        1.0
      ],
      "node_21": [
        6.683127572016461,
        8.12,
        0.0,
        19.0,
        0.0
      ],
      "node_22": [
        7.033755274261603,
        8.335,
        0.0,
        21.0,
        0.0
      ],
      "node_23": [
        7.293617021276596,
        8.57,
        0.0,
        22.0,
        0.0
      ],
      "node_24": [
        6.422594142259414,
        7.675,
        0.0,
        20.0,
        0.0
      ],
      "node_25": [
        5.466666666666667,
        6.15,
        0.0,
        20.0,
        0.0
      ]
    },
    "similarity_matrix": [
      [
        1.0000000000000002,
        0.9968661084158033,
        0.985707983905181,
        0.9999448725796967,
        0.9933028283396836,
        0.9966596046924672,
        0.9821247947237459,
        0.9999154186256236,
        0.9989584485082055,
        0.9906304050368614,
        0.9942157550922628,
        0.998704311015295,
        0.9995769340429426,
        0.9995364778538967,
        0.9992474449349009,
        0.9980684969930842,
        0.9979824452048707,
        0.999713136415141,
        0.9975709397875864,
        0.9990922764152952,
        0.9980443779072256,
        0.9999643231295827,
        0.9995108292948615,
        0.9992985967113168,
        0.9989236918657458,
        0.992762282595311
      ],
      [
        0.9968661084158033,
        0.9999999999999999,
        0.9722259528515791,
        0.9963205585628092,
        0.9969172074912991,
        0.991030428368371,
        0.9931291259577876,
        0.9959785315024936,
        0.9964054144122443,
        0.9798028581039757,
        0.9994394084177302,
        0.9987348242464009,
        0.9948667239174523,
        0.9950110633954756,
        0.9937728992319473,
        0.9912453218003524,
        0.9954919943516164,
        0.9963267128064887,
        0.993647650398096,
        0.9934440697177936,
        0.9998157029504464,
        0.9966491068080241,
        0.9944635435962352,
        0.9938392670174407,
        0.9929791684478545,
        0.9821077016913576
      ],
      [
        0.985707983905181,
        0.9722259528515791,
        0.9999999999999999,
        0.9872163533037405,
        0.959895046021999,
        0.9944531708503632,
        0.9383545440315518,
        0.9878156190649059,
        0.9884679764753923,
        0.9989192750822992,
        0.9642862239180606,
        0.9758607711503406,
        0.9899808486457934,
        0.9897281713817025,
        0.9914851341827452,
        0.9942056291342434,
        0.9889400909277106,
        0.9871046340334504,
        0.9918523576454135,
        0.991931602695159,
        0.9752725699507129,
        0.986483093141446,
        0.9904925579457928,
        0.9913223532688951,
        0.9924487892785165,
        0.9987422535631069
      ],
      [
        0.9999448725796967,
        0.9963205585628092,
        0.9872163533037405,
        1.0,
        0.9920989052885434,
        0.9972876147099325,
        0.9805904410311053,
        0.9999806771092135,
        0.9991855518602207,
        0.9919591578926342,
        0.9934293499634487,
        0.9981838467125426,
        0.9998215070579137,
        0.9998009622931726,
        0.9995644415007042,
        0.9986199480480364,
        0.9982047646722032,
        0.9998576374593997,
        0.9980251974679777,
        0.9994557297909341,
        0.997616116575691,
        0.9999879762477062,
        0.999749828944714,
        0.9995852727788639,
        0.9993109782338023,
        0.9937714614013691
      ],
      [
        0.9933028283396836,
        0.9969172074912991,
        0.959895046021999,
        0.9920989052885434,
        0.9999999999999999,
        0.9817600520664439,
        0.9950829071844219,
        0.9917366254214612,
        0.9894270147334454,
        0.9682448489668635,
        0.997693407984115,
        0.997792747368904,
        0.9895515146631023,
        0.9895360751100849,
        0.9880928567818215,
        0.9842158092309936,
        0.9878028542077157,
        0.9914768606602531,
        0.9849624128150304,
        0.9874822480150024,
        0.9967603171855738,
        0.9925900112421997,
        0.9892362114334992,
        0.9883580735670853,
        0.9869042731249922,
        0.9726366382009264
      ],
      [
        0.9966596046924672,
        0.991030428368371,
        0.9944531708503632,
        0.9972876147099325,
        0.9817600520664439,
        0.9999999999999999,
        0.9686078416074071,
        0.9975044452089799,
        0.9987353431910906,
        0.9969649972184568,
        0.9861338870023015,
        0.9917384840991363,
        0.9982616674166208,
        0.9981573483489639,
        0.9986856022772761,
        0.9991745769550907,
        0.9990327670381038,
        0.9971750297253689,
        0.9997461095678246,
        0.9987963705606964,
        0.992413510250457,
        0.996996111559605,
        0.9984094628559764,
        0.9986307211711081,
        0.9989067459105889,
        0.9979622045072368
      ],
      [
        0.9821247947237459,
        0.9931291259577876,
        0.9383545440315518,
        0.9805904410311053,
        0.9950829071844219,
        0.9686078416074071,
        1.0000000000000002,
        0.9797444709978418,
        0.9797122580984663,
        0.9503608998773969,
        0.9963907957041693,
        0.9898733062965829,
        0.9770645190641896,
        0.9774529646880303,
        0.974640885016163,
        0.9695488463323481,
        0.9777690429855658,
        0.9807787391765637,
        0.9737366786772412,
        0.9739476974576831,
        0.991525032630131,
        0.981462496870737,
        0.9761528933197773,
        0.9747939429655899,
        0.9729765816103972,
        0.9535829499069775
      ],
      [
        0.9999154186256236,
        0.9959785315024936,
        0.9878156190649059,
        0.9999806771092135,
        0.9917366254214612,
        0.9975044452089799,
        0.9797444709978418,
        1.0,
        0.9991654911747991,
        0.9922779812888511,
        0.9929165488428151,
        0.9979581339503852,
        0.9998540089567718,
        0.9997967813693924,
        0.9996660671044787,
        0.9987867419493532,
        0.9983012097641656,
        0.9997570631014752,
        0.9981453522568271,
        0.99955704169958,
        0.9973020955186883,
        0.9999419268717314,
        0.9998328545025442,
        0.9997009579876236,
        0.9994413801353866,
        0.99423589915562
      ],
      [
        0.9989584485082055,
        0.9964054144122443,
        0.9884679764753923,
        0.9991855518602207,
        0.9894270147334454,
        0.9987353431910906,
        0.9797122580984663,
        0.9991654911747991,
        1.0,
        0.9930421194825143,
        0.9931699942116059,
        0.996540390534493,
        0.9992876915809925,
        0.9993151452694293,
        0.9991164265703877,
        0.9985194457107353,
        0.9996452463468258,
        0.9992220531287698,
        0.9995230024360687,
        0.9990823110020879,
        0.9973121684431264,
        0.9991348978591452,
        0.9991849705090334,
        0.9990825332361185,
        0.9989630638359421,
        0.9942773110401889
      ],
      [
        0.9906304050368614,
        0.9798028581039757,
        0.9989192750822992,
        0.9919591578926342,
        0.9682448489668635,
        0.9969649972184568,
        0.9503608998773969,
        0.9922779812888511,
        0.9930421194825143,
        0.9999999999999999,
        0.973282377440695,
        0.9826079170436854,
        0.9941729976835857,
        0.994157143791588,
        0.9951209463682639,
        0.9971493752186472,
        0.9926994063467517,
        0.9923267875310638,
        0.9952156733216967,
        0.9955231724774175,
        0.9825436484998329,
        0.9914439169244278,
        0.9943364583773846,
        0.9948898890427181,
        0.9958126303290066,
        0.9991287715993917
      ],
      [
        0.9942157550922628,
        0.9994394084177302,
        0.9642862239180606,
        0.9934293499634487,
        0.997693407984115,
        0.9861338870023015,
        0.9963907957041693,
        0.9929165488428151,
        0.9931699942116059,
        0.973282377440695,
        0.9999999999999999,
        0.9977106578430048,
        0.99142673966321,
        0.9916795266790187,
        0.9899292250693252,
        0.9867205024744587,
        0.9917903370008195,
        0.9935935629585028,
        0.9894388662340561,
        0.9895173565590399,
        0.9989425327944763,
        0.993920624845704,
        0.9908346943791329,
        0.9899953020570179,
        0.9888947717924444,
        0.9755897312852392
      ],
      [
        0.998704311015295,
        0.9987348242464009,
        0.9758607711503406,
        0.9981838467125426,
        0.997792747368904,
        0.9917384840991363,
        0.9898733062965829,
        0.9979581339503852,
        0.996540390534493,
        0.9826079170436854,
        0.9977106578430048,
        0.9999999999999999,
        0.9968766726426862,
        0.9969090155471163,
        0.9959876781134102,
        0.9936433301029215,
        0.9951100778961078,
        0.9979394217366389,
        0.9937103848844382,
        0.9956553064066158,
        0.9993459185586347,
        0.998433161718342,
        0.9966264325874016,
        0.9960981607755411,
        0.9952768764797658,
        0.9853730126936553
      ],
      [
        0.9995769340429426,
        0.9948667239174523,
        0.9899808486457934,
        0.9998215070579137,
        0.9895515146631023,
        0.9982616674166208,
        0.9770645190641896,
        0.9998540089567718,
        0.9992876915809925,
        0.9941729976835857,
        0.99142673966321,
        0.9968766726426862,
        1.0,
        0.9999785370774817,
        0.999924446403573,
        0.9994228744712684,
        0.9984056306874788,
        0.9997511313038563,
        0.9986268533490208,
        0.999891411244879,
        0.996379222093777,
        0.9997336551574776,
        0.9999653276573569,
        0.9999085403571593,
        0.9998121936194783,
        0.9955953482004162
      ],
      [
        0.9995364778538967,
        0.9950110633954756,
        0.9897281713817025,
        0.9998009622931726,
        0.9895360751100849,
        0.9981573483489639,
        0.9774529646880303,
        0.9997967813693924,
        0.9993151452694293,
        0.994157143791588,
        0.9916795266790187,
        0.9969090155471163,
        0.9999785370774817,
        1.0,
        0.9998522868578891,
        0.9993485660227879,
        0.9983128519897423,
        0.9998380962402683,
        0.998573529590917,
        0.9998323284338597,
        0.9965270811153254,
        0.9997317653755792,
        0.9998907451407064,
        0.9998137005664164,
        0.9997299537305614,
        0.9953429857766066
      ],
      [
        0.9992474449349009,
        0.9937728992319473,
        0.9914851341827452,
        0.9995644415007042,
        0.9880928567818215,
        0.9986856022772761,
        0.974640885016163,
        0.9996660671044787,
        0.9991164265703877,
        0.9951209463682639,
        0.9899292250693252,
        0.9959876781134102,
        0.999924446403573,
        0.9998522868578891,
        0.9999999999999999,
        0.9997249543207676,
        0.9984251535826768,
        0.9994046518596724,
        0.9988027757719481,
        0.9999899250190472,
        0.9953906621580434,
        0.9994164399104073,
        0.9999706550679808,
        0.9999920676356732,
        0.9999709536629161,
        0.9966226759086126
      ],
      [
        0.9980684969930842,
        0.9912453218003524,
        0.9942056291342434,
        0.9986199480480364,
        0.9842158092309936,
        0.9991745769550907,
        0.9695488463323481,
        0.9987867419493532,
        0.9985194457107353,
        0.9971493752186472,
        0.9867205024744587,
        0.9936433301029215,
        0.9994228744712684,
        0.9993485660227879,
        0.9997249543207676,
        0.9999999999999999,
        0.9979542037643956,
        0.998546979705061,
        0.9988281144120701,
        0.9998085075654574,
        0.9931311346228391,
        0.9983774598856241,
        0.9995163017271513,
        0.999671983046943,
        0.9998714757830429,
        0.9981717810655684
      ],
      [
        0.9979824452048707,
        0.9954919943516164,
        0.9889400909277106,
        0.9982047646722032,
        0.9878028542077157,
        0.9990327670381038,
        0.9777690429855658,
        0.9983012097641656,
        0.9996452463468258,
        0.9926994063467517,
        0.9917903370008195,
        0.9951100778961078,
        0.9984056306874788,
        0.9983128519897423,
        0.9984251535826768,
        0.9979542037643956,
        1.0000000000000002,
        0.9979602019154103,
        0.9997218320872598,
        0.9983749347544558,
        0.9961612290320637,
        0.9980815817836224,
        0.9984614343983528,
        0.9984447682135822,
        0.9983381902225351,
        0.9944891530807077
      ],
      [
        0.999713136415141,
        0.9963267128064887,
        0.9871046340334504,
        0.9998576374593997,
        0.9914768606602531,
        0.9971750297253689,
        0.9807787391765637,
        0.9997570631014752,
        0.9992220531287698,
        0.9923267875310638,
        0.9935935629585028,
        0.9979394217366389,
        0.9997511313038563,
        0.9998380962402683,
        0.9994046518596724,
        0.998546979705061,
        0.9979602019154103,
        1.0,
        0.997963031071389,
        0.9993445017267217,
        0.9976761721383208,
        0.999876640986196,
        0.999553881662462,
        0.9993609337494296,
        0.9991552936874027,
        0.9934644604521043
      ],
      [
        0.9975709397875864,
        0.993647650398096,
        0.9918523576454135,
        0.9980251974679777,
        0.9849624128150304,
        0.9997461095678246,
        0.9737366786772412,
        0.9981453522568271,
        0.9995230024360687,
        0.9952156733216967,
        0.9894388662340561,
        0.9937103848844382,
        0.9986268533490208,
        0.998573529590917,
        0.9988027757719481,
        0.9988281144120701,
        0.9997218320872598,
        0.997963031071389,
        1.0,
        0.9988500344363507,
        0.9946907631811402,
        0.9978342918413413,
        0.9986741873732246,
        0.9987596635661556,
        0.9988651772189004,
        0.9963436562037045
      ],
      [
        0.9990922764152952,
        0.9934440697177936,
        0.991931602695159,
        0.9994557297909341,
        0.9874822480150024,
        0.9987963705606964,
        0.9739476974576831,
        0.99955704169958,
        0.9990823110020879,
        0.9955231724774175,
        0.9895173565590399,
        0.9956553064066158,
        0.999891411244879,
        0.9998323284338597,
        0.9999899250190472,
        0.9998085075654574,
        0.9983749347544558,
        0.9993445017267217,
        0.9988500344363507,
        1.0,
        0.9951089914339123,
        0.9992973637870952,
        0.9999290753177169,
        0.9999671637138501,
        0.9999878212058775,
        0.9968687047975344
      ],
      [
        0.9980443779072256,
        0.9998157029504464,
        0.9752725699507129,
        0.997616116575691,
        0.9967603171855738,
        0.992413510250457,
        0.991525032630131,
        0.9973020955186883,
        0.9973121684431264,
        0.9825436484998329,
        0.9989425327944763,
        0.9993459185586347,
        0.996379222093777,
        0.9965270811153254,
        0.9953906621580434,
        0.9931311346228391,
        0.9961612290320637,
        0.9976761721383208,
        0.9946907631811402,
        0.9951089914339123,
        1.0,
        0.9979002801697949,
        0.9959933818611085,
        0.99543252899859,
        0.994681558028224,
        0.9845910662709861
      ],
      [
        0.9999643231295827,
        0.9966491068080241,
        0.986483093141446,
        0.9999879762477062,
        0.9925900112421997,
        0.996996111559605,
        0.981462496870737,
        0.9999419268717314,
        0.9991348978591452,
        0.9914439169244278,
        0.993920624845704,
        0.998433161718342,
        0.9997336551574776,
        0.9997317653755792,
        0.9994164399104073,
        0.9983774598856241,
        0.9980815817836224,
        0.999876640986196,
        0.9978342918413413,
        0.9992973637870952,
        0.9979002801697949,
        1.0000000000000002,
        0.9996313157764789,
        0.9994352803478974,
        0.9991288104698197,
        0.9932368440425059
      ],
      [
        0.9995108292948615,
        0.9944635435962352,
        0.9904925579457928,
        0.999749828944714,
        0.9892362114334992,
        0.9984094628559764,
        0.9761528933197773,
        0.9998328545025442,
        0.9991849705090334,
        0.9943364583773846,
        0.9908346943791329,
        0.9966264325874016,
        0.9999653276573569,
        0.9998907451407064,
        0.9999706550679808,
        0.9995163017271513,
        0.9984614343983528,
        0.999553881662462,
        0.9986741873732246,
        0.9999290753177169,
        0.9959933818611085,
        0.9996313157764789,
        1.0,
        0.9999790756315639,
        0.9998850590859378,
        0.9960116705845223
      ],
      [
        0.9992985967113168,
        0.9938392670174407,
        0.9913223532688951,
        0.9995852727788639,
        0.9883580735670853,
        0.9986307211711081,
        0.9747939429655899,
        0.9997009579876236,
        0.9990825332361185,
        0.9948898890427181,
        0.9899953020570179,
        0.9960981607755411,
        0.9999085403571593,
        0.9998137005664164,
        0.9999920676356732,
        0.999671983046943,
        0.9984447682135822,
        0.9993609337494296,
        0.9987596635661556,
        0.9999671637138501,
        0.99543252899859,
        0.9994352803478974,
        0.9999790756315639,
        1.0,
        0.9999536468093473,
        0.9965577565125908
      ],
      [
        0.9989236918657458,
        0.9929791684478545,
        0.9924487892785165,
        0.9993109782338023,
        0.9869042731249922,
        0.9989067459105889,
        0.9729765816103972,
        0.9994413801353866,
        0.9989630638359421,
        0.9958126303290066,
        0.9888947717924444,
        0.9952768764797658,
        0.9998121936194783,
        0.9997299537305614,
        0.9999709536629161,
        0.9998714757830429,
        0.9983381902225351,
        0.9991552936874027,
        0.9988651772189004,
        0.9999878212058775,
        0.994681558028224,
        0.9991288104698197,
        0.9998850590859378,
        0.9999536468093473,
        1.0,
        0.9972135957558877
      ],
      [
        0.992762282595311,
        0.9821077016913576,
        0.9987422535631069,
        0.9937714614013691,
        0.9726366382009264,
        0.9979622045072368,
        0.9535829499069775,
        0.99423589915562,
        0.9942773110401889,
        0.9991287715993917,
        0.9755897312852392,
        0.9853730126936553,
        0.9955953482004162,
        0.9953429857766066,
        0.9966226759086126,
        0.9981717810655684,
        0.9944891530807077,
        0.9934644604521043,
        0.9963436562037045,
        0.9968687047975344,
        0.9845910662709861,
        0.9932368440425059,
        0.9960116705845223,
        0.9965577565125908,
        0.9972135957558877,
        0.9999999999999999
      ]
    ],
    "similarity_node_order": [
      "node_0",
      "node_1",
      "node_2",
      "node_3",
      "node_4",
      "node_5",
      "node_6",
      "node_7",
      "node_8",
      "node_9",
      "node_10",
      "node_11",
      "node_12",
      "node_13",
      "node_14",
      "node_15",
      "node_16",
      "node_17",
      "node_18",
      "node_19",
      "node_20",
      "node_21",
      "node_22",
      "node_23",
      "node_24",
      "node_25"
    ]
  },
  "cluster_info": {
    "cluster_0": {
      "avg_flow": 0.01,
      "members": [
        "node_0",
        "node_3",
        "node_4",
        "node_7",
        "node_11",
        "node_17",
        "node_19"
      ],
      "congestion": 5.569205198186616
    },
    "cluster_1": {
      "avg_flow": 0.01,
      "members": [
        "node_8",
        "node_20"
      ],
      "congestion": 9.21031746031746
    },
    "cluster_2": {
      "avg_flow": 0.01,
      "members": [
        "node_2",
        "node_5",
        "node_13",
        "node_14",
        "node_22",
        "node_23"
      ],
      "congestion": 6.997346189007544
    },
    "cluster_3": {
      "avg_flow": 0.01,
      "members": [
        "node_1",
        "node_10",
        "node_12",
        "node_21",
        "node_24"
      ],
      "congestion": 6.841492025906329
    },
    "cluster_4": {
      "avg_flow": 0.01,
      "members": [
        "node_6"
      ],
      "congestion": 13.521072796934867
    },
    "cluster_5": {
      "avg_flow": 0.01,
      "members": [
        "node_9",
        "node_15",
        "node_16",
        "node_18",
        "node_25"
      ],
      "congestion": 5.384280767372102
    }
  },
  "nodes": {
    "node_0": {
      "node_id": "node_0",
      "cluster_id": "cluster_0",
      "total_reward": -128.09999999999994,
      "avg_waiting_time": 5.427966101694915,
      "loss": 0.4463735520839691,
      "metrics": {
        "total_waiting_time": 1281.0,
        "total_vehicles": 236,
        "average_queue_length": 6.405,
        "max_queue_length": 15,
        "steps": 200,
        "avg_waiting_time_per_vehicle": 5.427966101694915,
        "green_signal_time": {
          "per_edge": {
            "edge_n": 5.0,
            "edge_e": 8.0,
            "edge_s": 5.0,
            "edge_w": 6.5
          },
          "avg_gst": 6.125,
          "num_lanes": 4,
          "min_green_time": 5.0,
          "max_green_time": 30.0
        },
        "safety": {
          "total_accidents": 0,
          "near_misses": 0,
          "safety_score": 100
        },
        "per_lane_metrics": {
          "edge_n_0": {
            "edge_id": "edge_n",
            "lane_id": "edge_n_0",
            "vehicle_count": 0,
            "queue_length": 0,
            "waiting_time": 0.0,
            "average_speed": 5.528876913795089,
            "occupancy_percent": 0,
            "green_signal_time": 0,
            "vehicle_types": {
              "car": 0
            },
            "lane_length": 100.0
          },
          "edge_e_0": {
            "edge_id": "edge_e",
            "lane_id": "edge_e_0",
            "vehicle_count": 2,
            "queue_length": 2,
            "waiting_time": 21.0,
            "average_speed": 0.696289036353358,
            "occupancy_percent": 10,
            "green_signal_time": 0,
            "vehicle_types": {
              "car": 2
            },
            "lane_length": 100.0
          },
          "edge_s_0": {
            "edge_id": "edge_s",
            "lane_id": "edge_s_0",
            "vehicle_count": 0,
            "queue_length": 0,
            "waiting_time": 149.0,
            "average_speed": 14.812877332943547,
            "occupancy_percent": 0,
            "green_signal_time": 0,
            "vehicle_types": {
              "car": 0
            },
            "lane_length": 100.0
          },
          "edge_w_0": {
            "edge_id": "edge_w",
            "lane_id": "edge_w_0",
            "vehicle_count": 1,
            "queue_length": 1,
            "waiting_time": 45.0,
            "average_speed": 4.208744361455804,
            "occupancy_percent": 5,
            "green_signal_time": 0,
            "vehicle_types": {
              "car": 1
            },
            "lane_length": 100.0
          }
        },
        "lane_summary": {
          "total_waiting_time": 1281.0,
          "total_queue_length": 6.405,
          "num_congested_lanes": 0.0,
          "total_lanes": 4.0,
          "average_gst": 0.0,
          "min_gst": 0.0,
          "max_gst": 0.0,
          "max_queue_length": 15.0,
          "max_waiting_time": 1281.0,
          "average_speed": 0.0,
          "num_active_lanes": 2.0,
          "total_occupancy": 32.025,
          "total_vehicles": 236
        },
        "total_reward": -128.09999999999994
      }
    },
    "node_1": {
      "node_id": "node_1",
      "cluster_id": "cluster_3",
      "total_reward": -181.4,
      "avg_waiting_time": 7.227091633466135,
      "loss": 0.4873111844062805,
      "metrics": {
        "total_waiting_time": 1814.0,
        "total_vehicles": 251,
        "average_queue_length": 9.07,
        "max_queue_length": 18,
        "steps": 200,
        "avg_waiting_time_per_vehicle": 7.227091633466135,
        "green_signal_time": {
          "per_edge": {
            "edge_n": 6.5,
            "edge_e": 5.0,
            "edge_s": 14.0,
            "edge_w": 11.0
          },
          "avg_gst": 9.125,
          "num_lanes": 4,
          "min_green_time": 5.0,
          "max_green_time": 30.0
        },
        "safety": {
          "total_accidents": 0,
          "near_misses": 0,
          "safety_score": 100
        },
        "per_lane_metrics": {
          "edge_n_0": {
            "edge_id": "edge_n",
            "lane_id": "edge_n_0",
            "vehicle_count": 1,
            "queue_length": 1,
            "waiting_time": 166.0,
            "average_speed": 1.0458631485298446,
            "occupancy_percent": 5,
            "green_signal_time": 0,
            "vehicle_types": {
              "car": 1
            },
            "lane_length": 100.0
          },
          "edge_e_0": {
            "edge_id": "edge_e",
            "lane_id": "edge_e_0",
            "vehicle_count": 0,
            "queue_length": 0,
            "waiting_time": 195.0,
            "average_speed": 2.830070273495701,
            "occupancy_percent": 0,
            "green_signal_time": 0,
            "vehicle_types": {
              "car": 0
            },
            "lane_length": 100.0
          },
          "edge_s_0": {
            "edge_id": "edge_s",
            "lane_id": "edge_s_0",
            "vehicle_count": 6,
            "queue_length": 6,
            "waiting_time": 267.0,
            "average_speed": 2.2545029914182537,
            "occupancy_percent": 30,
            "green_signal_time": 0,
            "vehicle_types": {
              "car": 6
            },
            "lane_length": 100.0
          },
          "edge_w_0": {
            "edge_id": "edge_w",
            "lane_id": "edge_w_0",
            "vehicle_count": 4,
            "queue_length": 4,
            "waiting_time": 100.0,
            "average_speed": 1.6824630555890319,
            "occupancy_percent": 20,
            "green_signal_time": 0,
            "vehicle_types": {
              "car": 4
            },
            "lane_length": 100.0
          }
        },
        "lane_summary": {
          "total_waiting_time": 1814.0,
          "total_queue_length": 9.07,
          "num_congested_lanes": 1.0,
          "total_lanes": 4.0,
          "average_gst": 0.0,
          "min_gst": 0.0,
          "max_gst": 0.0,
          "max_queue_length": 18.0,
          "max_waiting_time": 1814.0,
          "average_speed": 0.0,
          "num_active_lanes": 3.0,
          "total_occupancy": 45.35,
          "total_vehicles": 251
        },
        "total_reward": -181.4
      }
    },
    "node_10": {
      "node_id": "node_10",
      "cluster_id": "cluster_3",
      "total_reward": -197.1,
      "avg_waiting_time": 7.5807692307692305,
      "loss": 0.44323500990867615,
      "metrics": {
        "total_waiting_time": 1971.0,
        "total_vehicles": 260,
        "average_queue_length": 9.855,
        "max_queue_length": 18,
        "steps": 200,
        "avg_waiting_time_per_vehicle": 7.5807692307692305,
        "green_signal_time": {
          "per_edge": {
            "edge_n": 11.0,
            "edge_e": 9.5,
            "edge_s": 18.5,
            "edge_w": 8.0
          },
          "avg_gst": 11.75,
          "num_lanes": 4,
          "min_green_time": 5.0,
          "max_green_time": 30.0
        },
        "safety": {
          "total_accidents": 0,
          "near_misses": 0,
          "safety_score": 100
        },
        "per_lane_metrics": {
          "edge_n_0": {
            "edge_id": "edge_n",
            "lane_id": "edge_n_0",
            "vehicle_count": 4,
            "queue_length": 4,
            "waiting_time": 111.0,
            "average_speed": 3.2395479488056074,
            "occupancy_percent": 20,
            "green_signal_time": 0,
            "vehicle_types": {
              "car": 4
            },
            "lane_length": 100.0
          },
          "edge_e_0": {
            "edge_id": "edge_e",
            "lane_id": "edge_e_0",
            "vehicle_count": 3,
            "queue_length": 3,
            "waiting_time": 143.0,
            "average_speed": 0.1485393164213461,
            "occupancy_percent": 15,
            "green_signal_time": 0,
            "vehicle_types": {
              "car": 3
            },
            "lane_length": 100.0
          },
          "edge_s_0": {
            "edge_id": "edge_s",
            "lane_id": "edge_s_0",
            "vehicle_count": 9,
            "queue_length": 9,
            "waiting_time": 446.0,
            "average_speed": 0.44200543481159593,
            "occupancy_percent": 45,
            "green_signal_time": 0,
            "vehicle_types": {
              "car": 9
            },
            "lane_length": 100.0
          },
          "edge_w_0": {
            "edge_id": "edge_w",
            "lane_id": "edge_w_0",
            "vehicle_count": 2,
            "queue_length": 2,
            "waiting_time": 111.0,
            "average_speed": 4.163096943891367,
            "occupancy_percent": 10,
            "green_signal_time": 0,
            "vehicle_types": {
              "car": 2
            },
            "lane_length": 100.0
          }
        },
        "lane_summary": {
          "total_waiting_time": 1971.0,
          "total_queue_length": 9.855,
          "num_congested_lanes": 1.0,
          "total_lanes": 4.0,
          "average_gst": 0.0,
          "min_gst": 0.0,
          "max_gst": 0.0,
          "max_queue_length": 18.0,
          "max_waiting_time": 1971.0,
          "average_speed": 0.0,
          "num_active_lanes": 4.0,
          "total_occupancy": 49.275000000000006,
          "total_vehicles": 260
        },
        "total_reward": -197.1
      }
    },
    "node_11": {
      "node_id": "node_11",
      "cluster_id": "cluster_0",
      "total_reward": -124.89999999999995,
      "avg_waiting_time": 5.270042194092827,
      "loss": 0.312796413898468,
      "metrics": {
        "total_waiting_time": 1249.0,
        "total_vehicles": 237,
        "average_queue_length": 6.245,
        "max_queue_length": 13,
        "steps": 200,
        "avg_waiting_time_per_vehicle": 5.270042194092827,
        "green_signal_time": {
          "per_edge": {
            "edge_n": 8.0,
            "edge_e": 5.0,
            "edge_s": 5.0,
            "edge_w": 6.5
          },
          "avg_gst": 6.125,
          "num_lanes": 4,
          "min_green_time": 5.0,
          "max_green_time": 30.0
        },
        "safety": {
          "total_accidents": 0,
          "near_misses": 0,
          "safety_score": 100
        },
        "per_lane_metrics": {
          "edge_n_0": {
            "edge_id": "edge_n",
            "lane_id": "edge_n_0",
            "vehicle_count": 2,
            "queue_length": 2,
            "waiting_time": 122.0,
            "average_speed": 0.6355922564178512,
            "occupancy_percent": 10,
            "green_signal_time": 0,
            "vehicle_types": {
              "car": 2
            },
            "lane_length": 100.0
          },
          "edge_e_0": {
            "edge_id": "edge_e",
            "lane_id": "edge_e_0",
            "vehicle_count": 0,
            "queue_length": 0,
            "waiting_time": 0.0,
            "average_speed": 0.8235375017693541,
            "occupancy_percent": 0,
            "green_signal_time": 0,
            "vehicle_types": {
              "car": 0
            },
            "lane_length": 100.0
          },
          "edge_s_0": {
            "edge_id": "edge_s",
            "lane_id": "edge_s_0",
            "vehicle_count": 0,
            "queue_length": 0,
            "waiting_time": 94.0,
            "average_speed": 7.954740675497797,
            "occupancy_percent": 0,
            "green_signal_time": 0,
            "vehicle_types": {
              "car": 0
            },
            "lane_length": 100.0
          },
          "edge_w_0": {
            "edge_id": "edge_w",
            "lane_id": "edge_w_0",
            "vehicle_count": 1,
            "queue_length": 1,
            "waiting_time": 1.0,
            "average_speed": 4.845215357196039,
            "occupancy_percent": 5,
            "green_signal_time": 0,
            "vehicle_types": {
              "car": 1
            },
            "lane_length": 100.0
          }
        },
        "lane_summary": {
          "total_waiting_time": 1249.0,
          "total_queue_length": 6.245,
          "num_congested_lanes": 0.0,
          "total_lanes": 4.0,
          "average_gst": 0.0,
          "min_gst": 0.0,
          "max_gst": 0.0,
          "max_queue_length": 13.0,
          "max_waiting_time": 1249.0,
          "average_speed": 0.0,
          "num_active_lanes": 2.0,
          "total_occupancy": 31.225,
          "total_vehicles": 237
        },
        "total_reward": -124.89999999999995
      }
    },
    "node_12": {
      "node_id": "node_12",
      "cluster_id": "cluster_3",
      "total_reward": -154.19999999999993,
      "avg_waiting_time": 6.293877551020408,
      "loss": 0.33260416984558105,
      "metrics": {
        "total_waiting_time": 1542.0,
        "total_vehicles": 245,
        "average_queue_length": 7.71,
        "max_queue_length": 19,
        "steps": 200,
        "avg_waiting_time_per_vehicle": 6.293877551020408,
        "green_signal_time": {
          "per_edge": {
            "edge_n": 5.0,
            "edge_e": 6.5,
            "edge_s": 5.0,
            "edge_w": 11.0
          },
          "avg_gst": 6.875,
          "num_lanes": 4,
          "min_green_time": 5.0,
          "max_green_time": 30.0
        },
        "safety": {
          "total_accidents": 0,
          "near_misses": 0,
          "safety_score": 100
        },
        "per_lane_metrics": {
          "edge_n_0": {
            "edge_id": "edge_n",
            "lane_id": "edge_n_0",
            "vehicle_count": 0,
            "queue_length": 0,
            "waiting_time": 320.0,
            "average_speed": 3.597306800599967,
            "occupancy_percent": 0,
            "green_signal_time": 0,
            "vehicle_types": {
              "car": 0
            },
            "lane_length": 100.0
          },
          "edge_e_0": {
            "edge_id": "edge_e",
            "lane_id": "edge_e_0",
            "vehicle_count": 1,
            "queue_length": 1,
            "waiting_time": 14.0,
            "average_speed": 1.9948336834547957,
            "occupancy_percent": 5,
            "green_signal_time": 0,
            "vehicle_types": {
              "car": 1
            },
            "lane_length": 100.0
          },
          "edge_s_0": {
            "edge_id": "edge_s",
            "lane_id": "edge_s_0",
            "vehicle_count": 0,
            "queue_length": 0,
            "waiting_time": 243.0,
            "average_speed": 7.323535260934634,
            "occupancy_percent": 0,
            "green_signal_time": 0,
            "vehicle_types": {
              "car": 0
            },
            "lane_length": 100.0
          },
          "edge_w_0": {
            "edge_id": "edge_w",
            "lane_id": "edge_w_0",
            "vehicle_count": 4,
            "queue_length": 4,
            "waiting_time": 45.0,
            "average_speed": 3.1723092808170703,
            "occupancy_percent": 20,
            "green_signal_time": 0,
            "vehicle_types": {
              "car": 4
            },
            "lane_length": 100.0
          }
        },
