{
  "num_rounds": 3,
  "cluster_history": [
    {
      "node_0": 1,
      "node_1": 0,
      "node_2": 1,
      "node_3": 1,
      "node_4": 0,
      "node_5": 0
    },
    {
      "node_0": 1,
      "node_1": 1,
      "node_2": 0,
      "node_3": 0,
      "node_4": 1,
      "node_5": 1
    },
    {
      "node_0": 0,
      "node_1": 0,
      "node_2": 1,
      "node_3": 1,
      "node_4": 0,
      "node_5": 0
    }
  ],
  "reward_history": [
    -15.346666666666666,
    -15.626666666666667,
    -19.278333333333336
  ],
  "queue_history": [
    8.232026143790849,
    8.52,
    10.366666666666667
  ],
  "wait_history": [
    10.445861755712038,
    14.70051927087191,
    23.472545051396125
  ],
  "throughput_history": [
    0.471677559912854,
    0.4372222222222222,
    0.46888888888888874
  ],
  "transitions": [
    {
      "round": 2,
      "transitions": {}
    },
    {
      "round": 3,
      "transitions": {
        "node_1": {
          "from": 0,
          "to": 1
        },
        "node_2": {
          "from": 1,
          "to": 0
        },
        "node_3": {
          "from": 1,
          "to": 0
        },
        "node_4": {
          "from": 0,
          "to": 1
        },
        "node_5": {
          "from": 0,
          "to": 1
        }
      }
    },
    {
      "round": 4,
      "transitions": {
        "node_0": {
          "from": 1,
          "to": 0
        },
        "node_1": {
          "from": 1,
          "to": 0
        },
        "node_2": {
          "from": 0,
          "to": 1
        },
        "node_3": {
          "from": 0,
          "to": 1
        },
        "node_4": {
          "from": 1,
          "to": 0
        },
        "node_5": {
          "from": 1,
          "to": 0
        }
      }
    }
  ],
  "fingerprints": [
    {
      "node_0": [
        14.44957276311129,
        9.27450980392157,
        0.4934640522875817,
        16.0,
        0.43137254901960786,
        1.0
      ],
      "node_1": [
        8.054888684640526,
        6.019607843137255,
        0.3986928104575163,
        13.0,
        0.0196078431372549,
        1.0
      ],
      "node_2": [
        15.559486377884488,
        12.254901960784315,
        0.6176470588235293,
        18.0,
        0.35294117647058826,
        1.0
      ],
      "node_3": [
        11.58959389410857,
        10.431372549019608,
        0.5588235294117646,
        18.0,
        0.17647058823529413,
        0.0
      ],
      "node_4": [
        6.112132352941177,
        5.352941176470588,
        0.3627450980392157,
        11.0,
        0.0,
        1.0
      ],
      "node_5": [
        6.909496461586176,
        6.0588235294117645,
        0.3986928104575163,
        11.0,
        0.0,
        1.0
      ]
    },
    {
      "node_0": [
        11.966216046894333,
        7.36,
        0.46333333333333326,
        16.0,
        0.32,
        1.0
      ],
      "node_1": [
        10.339045251414609,
        5.56,
        0.32666666666666666,
        13.0,
        0.0,
        1.0
      ],
      "node_2": [
        32.34523760401592,
        14.66,
        0.5299999999999999,
        20.0,
        0.98,
        1.0
      ],
      "node_3": [
        14.445933108794796,
        11.14,
        0.5233333333333333,
        19.0,
        0.34,
        0.0
      ],
      "node_4": [
        11.481739192708336,
        6.18,
        0.35,
        11.0,
        0.02,
        1.0
      ],
      "node_5": [
        7.624944421403464,
        6.22,
        0.42999999999999994,
        11.0,
        0.06,
        1.0
      ]
    },
    {
      "node_0": [
        9.989861733333335,
        6.78,
        0.39999999999999986,
        16.0,
        0.0,
        1.0
      ],
      "node_1": [
        7.582528230452674,
        4.84,
        0.3433333333333334,
        13.0,
        0.0,
        1.0
      ],
      "node_2": [
        74.5694366514123,
        23.38,
        0.6266666666666666,
        28.0,
        1.74,
        1.0
      ],
      "node_3": [
        25.083264460619716,
        13.14,
        0.59,
        19.0,
        0.82,
        0.0
      ],
      "node_4": [
        6.3148093814300434,
        5.18,
        0.35666666666666663,
        11.0,
        0.0,
        1.0
      ],
      "node_5": [
        17.29536985112869,
        8.88,
        0.4966666666666666,
        14.0,
        0.58,
        1.0
      ]
    }
  ],
  "similarity_matrices": [
    [
      [
        0.9999999999999999,
        0.9854610160335763,
        0.9973791809001934,
        0.9870639140297409,
        0.9776868877176074,
        0.9865174307195272
      ],
      [
        0.9854610160335763,
        0.9999999999999999,
        0.9843264703331889,
        0.994944990112207,
        0.9985915990571901,
        0.9980605286473234
      ],
      [
        0.9973791809001934,
        0.9843264703331889,
        1.0,
        0.9911470538147831,
        0.9794225883654364,
        0.989367718733052
      ],
      [
        0.9870639140297409,
        0.994944990112207,
        0.9911470538147831,
        0.9999999999999998,
        0.9942653602050816,
        0.9973456667631586
      ],
      [
        0.9776868877176074,
        0.9985915990571901,
        0.9794225883654364,
        0.9942653602050816,
        0.9999999999999999,
        0.9982166265278418
      ],
      [
        0.9865174307195272,
        0.9980605286473234,
        0.989367718733052,
        0.9973456667631586,
        0.9982166265278418,
        1.0
      ]
    ],
    [
      [
        0.9999999999999999,
        0.9989931231630771,
        0.9388879080082903,
        0.9953715684840464,
        0.9878868463507801,
        0.9957962840200897
      ],
      [
        0.9989931231630771,
        1.0000000000000002,
        0.9461129732678142,
        0.99164717982921,
        0.9908580813018519,
        0.9917922962471883
      ],
      [
        0.9388879080082903,
        0.9461129732678142,
        1.0,
        0.9410218861965826,
        0.9800383161269821,
        0.9263140898802744
      ],
      [
        0.9953715684840464,
        0.99164717982921,
        0.9410218861965826,
        0.9999999999999999,
        0.9857138642055231,
        0.9968406643688453
      ],
      [
        0.9878868463507801,
        0.9908580813018519,
        0.9800383161269821,
        0.9857138642055231,
        1.0,
        0.9809719726409288
      ],
      [
        0.9957962840200897,
        0.9917922962471883,
        0.9263140898802744,
        0.9968406643688453,
        0.9809719726409288,
        1.0
      ]
    ],
    [
      [
        0.9999999999999999,
        0.998932357588954,
        0.81152753853109,
        0.9402855397453271,
        0.998217489732308,
        0.9514343138530732
      ],
      [
        0.998932357588954,
        0.9999999999999999,
        0.7933404215546752,
        0.9268611643670362,
        0.9970082601578042,
        0.9399521579115544
      ],
      [
        0.81152753853109,
        0.7933404215546752,
        0.9999999999999999,
        0.9571198493242363,
        0.7897729292757206,
        0.9495179053868384
      ],
      [
        0.9402855397453271,
        0.9268611643670362,
        0.9571198493242363,
        1.0000000000000002,
        0.9293255451511709,
        0.998555545310157
      ],
      [
        0.998217489732308,
        0.9970082601578042,
        0.7897729292757206,
        0.9293255451511709,
        1.0,
        0.9414999183119706
      ],
      [
        0.9514343138530732,
        0.9399521579115544,
        0.9495179053868384,
        0.998555545310157,
        0.9414999183119706,
        0.9999999999999998
      ]
    ]
  ]
}