{
  "num_rounds": 3,
  "cluster_history": [
    {
      "node_0": 0,
      "node_1": 0,
      "node_2": 0,
      "node_3": 1,
      "node_4": 0,
      "node_5": 1,
      "node_6": 1
    },
    {
      "node_0": 1,
      "node_1": 1,
      "node_2": 1,
      "node_3": 0,
      "node_4": 1,
      "node_5": 0,
      "node_6": 0
    },
    {
      "node_0": 1,
      "node_1": 1,
      "node_2": 1,
      "node_3": 0,
      "node_4": 1,
      "node_5": 0,
      "node_6": 0
    }
  ],
  "transitions": [
    {
      "round": 2,
      "transitions": {}
    },
    {
      "round": 3,
      "transitions": {
        "node_0": {
          "from": 0,
          "to": 1
        },
        "node_1": {
          "from": 0,
          "to": 1
        },
        "node_2": {
          "from": 0,
          "to": 1
        },
        "node_3": {
          "from": 1,
          "to": 0
        },
        "node_4": {
          "from": 0,
          "to": 1
        },
        "node_5": {
          "from": 1,
          "to": 0
        },
        "node_6": {
          "from": 1,
          "to": 0
        }
      }
    },
    {
      "round": 4,
      "transitions": {}
    }
  ],
  "fingerprints": [
    {
      "node_0": [
        11.668959694989107,
        9.294117647058824,
        0.5490196078431372,
        17.0,
        0.11764705882352941,
        1.0
      ],
      "node_1": [
        11.722741693899783,
        8.156862745098039,
        0.4640522875816993,
        14.0,
        0.13725490196078433,
        1.0
      ],
      "node_2": [
        13.17324455164782,
        8.666666666666666,
        0.4967320261437908,
        13.0,
        0.0784313725490196,
        1.0
      ],
      "node_3": [
        128.95660192902218,
        41.0,
        0.5751633986928104,
        69.0,
        3.0392156862745097,
        0.0
      ],
      "node_4": [
        8.780130718954249,
        6.196078431372549,
        0.48366013071895425,
        10.0,
        0.0,
        1.0
      ],
      "node_5": [
        68.78418660776336,
        26.431372549019606,
        0.5751633986928105,
        38.0,
        2.2745098039215685,
        0.0
      ],
      "node_6": [
        149.8121506986472,
        48.07843137254902,
        0.5686274509803921,
        79.0,
        3.4705882352941178,
        0.0
      ]
    },
    {
      "node_0": [
        15.601542723333331,
        10.1,
        0.5433333333333333,
        17.0,
        0.04,
        1.0
      ],
      "node_1": [
        7.670068769290124,
        6.06,
        0.5033333333333333,
        14.0,
        0.0,
        1.0
      ],
      "node_2": [
        7.568012761904761,
        6.06,
        0.48333333333333334,
        13.0,
        0.0,
        1.0
      ],
      "node_3": [
        596.0217132183395,
        96.44,
        0.59,
        123.0,
        4.0,
        0.0
      ],
      "node_4": [
        10.650791666666667,
        7.2,
        0.49,
        10.0,
        0.04,
        1.0
      ],
      "node_5": [
        210.81191834979364,
        45.58,
        0.5766666666666667,
        62.0,
        2.96,
        0.0
      ],
      "node_6": [
        692.3468048821248,
        106.86,
        0.59,
        133.0,
        4.0,
        0.0
      ]
    },
    {
      "node_0": [
        33.529096266869985,
        15.38,
        0.5233333333333333,
        24.0,
        1.02,
        1.0
      ],
      "node_1": [
        10.194323195312501,
        5.64,
        0.47,
        14.0,
        0.0,
        1.0
      ],
      "node_2": [
        13.637778726666665,
        6.82,
        0.45,
        13.0,
        0.02,
        1.0
      ],
      "node_3": [
        1349.891995944821,
        146.34,
        0.6033333333333333,
        177.0,
        4.0,
        0.0
      ],
      "node_4": [
        7.050305555555556,
        5.84,
        0.4699999999999999,
        10.0,
        0.0,
        1.0
      ],
      "node_5": [
        499.17141408249853,
        78.5,
        0.5833333333333333,
        104.0,
        3.98,
        0.0
      ],
      "node_6": [
        1607.9311563310478,
        162.74,
        0.5766666666666667,
        182.0,
        4.0,
        0.0
      ]
    }
  ],
  "similarity_matrices": [
    [
      [
        0.9999999999999999,
        0.9961894894307662,
        0.9849936924648619,
        0.8892483524886914,
        0.9937709275148793,
        0.9023278730461469,
        0.8873715158854342
      ],
      [
        0.9961894894307662,
        0.9999999999999999,
        0.9961248843479027,
        0.9243544405654449,
        0.9994185849672576,
        0.935716874871087,
        0.9228903471731793
      ],
      [
        0.9849936924648619,
        0.9961248843479027,
        1.0,
        0.9492429611158578,
        0.997683094613859,
        0.9599847576989375,
        0.9482973513359696
      ],
      [
        0.8892483524886914,
        0.9243544405654449,
        0.9492429611158578,
        0.9999999999999998,
        0.9284765352306861,
        0.9985783738388201,
        0.9999775613692043
      ],
      [
        0.9937709275148793,
        0.9994185849672576,
        0.997683094613859,
        0.9284765352306861,
        0.9999999999999998,
        0.9401890559757299,
        0.927182938203209
      ],
      [
        0.9023278730461469,
        0.935716874871087,
        0.9599847576989375,
        0.9985783738388201,
        0.9401890559757299,
        1.0,
        0.9986462381935958
      ],
      [
        0.8873715158854342,
        0.9228903471731793,
        0.9482973513359696,
        0.9999775613692043,
        0.927182938203209,
        0.9986462381935958,
        0.9999999999999999
      ]
    ],
    [
      [
        0.9999999999999999,
        0.97381553419671,
        0.9797296796674672,
        0.7958438228110101,
        0.996443641322145,
        0.8488991649698083,
        0.7866132411486543
      ],
      [
        0.97381553419671,
        1.0000000000000004,
        0.9995013196565093,
        0.6523399551689326,
        0.9542372780030208,
        0.7190352522894987,
        0.6409085662464707
      ],
      [
        0.9797296796674672,
        0.9995013196565093,
        0.9999999999999998,
        0.6683536039017495,
        0.9626944834034052,
        0.7340220900078743,
        0.6571028088070578
      ],
      [
        0.7958438228110101,
        0.6523399551689326,
        0.6683536039017495,
        1.0,
        0.822393530957568,
        0.9955639533433256,
        0.9998849974050279
      ],
      [
        0.996443641322145,
        0.9542372780030208,
        0.9626944834034052,
        0.822393530957568,
        1.0,
        0.8716826914450102,
        0.81382345933158
      ],
      [
        0.8488991649698083,
        0.7190352522894987,
        0.7340220900078743,
        0.9955639533433256,
        0.8716826914450102,
        1.0000000000000002,
        0.9940268213639433
      ],
      [
        0.7866132411486543,
        0.6409085662464707,
        0.6571028088070578,
        0.9998849974050279,
        0.81382345933158,
        0.9940268213639433,
        1.0000000000000002
      ]
    ],
    [
      [
        1.0000000000000002,
        0.9530699404753568,
        0.9906558412159305,
        0.8584861084778781,
        0.9473519962630401,
        0.8999190383877285,
        0.8487945243195875
      ],
      [
        0.9530699404753568,
        1.0000000000000002,
        0.9850663835425079,
        0.682988659334368,
        0.9912274738015109,
        0.7422782463749013,
        0.6691481002858518
      ],
      [
        0.9906558412159305,
        0.9850663835425079,
        0.9999999999999999,
        0.790038014021015,
        0.9788213118921528,
        0.839875242170861,
        0.7784037014350296
      ],
      [
        0.8584861084778781,
        0.682988659334368,
        0.790038014021015,
        0.9999999999999998,
        0.6518840581245422,
        0.9961806819512177,
        0.9998220457595849
      ],
      [
        0.9473519962630401,
        0.9912274738015109,
        0.9788213118921528,
        0.6518840581245422,
        0.9999999999999999,
        0.7150413463039745,
        0.6376667474347779
      ],
      [
        0.8999190383877285,
        0.7422782463749013,
        0.839875242170861,
        0.9961806819512177,
        0.7150413463039745,
        1.0,
        0.9943849681655044
      ],
      [
        0.8487945243195875,
        0.6691481002858518,
        0.7784037014350296,
        0.9998220457595849,
        0.6376667474347779,
        0.9943849681655044,
        1.0
      ]
    ]
  ]
}