{
  "num_rounds": 5,
  "cluster_history": [
    {
      "node_0": 0,
      "node_1": 0,
      "node_2": 0,
      "node_3": 1,
      "node_4": 1,
      "node_5": 1
    },
    {
      "node_0": 0,
      "node_1": 1,
      "node_2": 0,
      "node_3": 1,
      "node_4": 0,
      "node_5": 1
    },
    {
      "node_0": 1,
      "node_1": 0,
      "node_2": 1,
      "node_3": 0,
      "node_4": 1,
      "node_5": 0
    },
    {
      "node_0": 1,
      "node_1": 0,
      "node_2": 1,
      "node_3": 0,
      "node_4": 1,
      "node_5": 0
    },
    {
      "node_0": 0,
      "node_1": 1,
      "node_2": 0,
      "node_3": 1,
      "node_4": 0,
      "node_5": 1
    }
  ],
  "reward_history": [
    970.9589782073623,
    961.6991779199076,
    952.075029814333,
    952.075029814333,
    952.075029814333
  ],
  "queue_history": [
    0.41083333333333333,
    0.44166666666666665,
    0.484,
    0.484,
    0.484
  ],
  "wait_history": [
    1.9753978632478633,
    2.115841025641026,
    2.0897615384615387,
    2.0897615384615387,
    2.0897615384615387
  ],
  "throughput_history": [
    0.757136752136752,
    0.7572017094017095,
    0.7574025641025641,
    0.7574025641025641,
    0.7574025641025641
  ],
  "transitions": [
    {
      "round": 1,
      "transitions": {}
    },
    {
      "round": 2,
      "transitions": {
        "node_1": {
          "from": 0,
          "to": 1
        },
        "node_4": {
          "from": 1,
          "to": 0
        }
      }
    },
    {
      "round": 3,
      "transitions": {
        "node_0": {
          "from": 0,
          "to": 1
        },
        "node_1": {
          "from": 1,
          "to": 0
        },
        "node_2": {
          "from": 0,
          "to": 1
        },
        "node_3": {
          "from": 1,
          "to": 0
        },
        "node_4": {
          "from": 0,
          "to": 1
        },
        "node_5": {
          "from": 1,
          "to": 0
        }
      }
    },
    {
      "round": 4,
      "transitions": {}
    },
    {
      "round": 5,
      "transitions": {
        "node_0": {
          "from": 1,
          "to": 0
        },
        "node_1": {
          "from": 0,
          "to": 1
        },
        "node_2": {
          "from": 1,
          "to": 0
        },
        "node_3": {
          "from": 0,
          "to": 1
        },
        "node_4": {
          "from": 1,
          "to": 0
        },
        "node_5": {
          "from": 0,
          "to": 1
        }
      }
    }
  ],
  "fingerprints": [
    {
      "node_0": [
        1.9984,
        0.33,
        0.76,
        3.0,
        0.0,
        1.0
      ],
      "node_1": [
        1.9310897435897436,
        0.422,
        0.7516025641025641,
        5.0,
        0.0,
        0.5
      ],
      "node_2": [
        2.008,
        0.41,
        0.7584,
        4.0,
        0.0,
        0.0
      ],
      "node_3": [
        2.0288461538461537,
        0.448,
        0.7548076923076923,
        6.0,
        0.0,
        0.0
      ],
      "node_4": [
        2.104,
        0.34,
        0.7616,
        4.0,
        0.0,
        0.0
      ],
      "node_5": [
        1.7820512820512822,
        0.515,
        0.7564102564102564,
        6.0,
        0.0,
        0.0
      ]
    },
    {
      "node_0": [
        1.9776,
        0.263,
        0.7616,
        3.0,
        0.0,
        1.0
      ],
      "node_1": [
        2.3584,
        0.451,
        0.752,
        5.0,
        0.0,
        0.5
      ],
      "node_2": [
        1.9776,
        0.263,
        0.7616,
        3.0,
        0.0,
        0.0
      ],
      "node_3": [
        2.201923076923077,
        0.705,
        0.7532051282051282,
        6.0,
        0.0,
        0.0
      ],
      "node_4": [
        1.9776,
        0.263,
        0.7616,
        3.0,
        0.0,
        0.0
      ],
      "node_5": [
        2.201923076923077,
        0.705,
        0.7532051282051282,
        6.0,
        0.0,
        0.0
      ]
    },
    {
      "node_0": [
        1.9776,
        0.263,
        0.7616,
        3.0,
        0.0,
        1.0
      ],
      "node_1": [
        2.201923076923077,
        0.705,
        0.7532051282051282,
        6.0,
        0.0,
        0.5
      ],
      "node_2": [
        1.9776,
        0.263,
        0.7616,
        3.0,
        0.0,
        0.0
      ],
      "node_3": [
        2.201923076923077,
        0.705,
        0.7532051282051282,
        6.0,
        0.0,
        0.0
      ],
      "node_4": [
        1.9776,
        0.263,
        0.7616,
        3.0,
        0.0,
        0.0
      ],
      "node_5": [
        2.201923076923077,
        0.705,
        0.7532051282051282,
        6.0,
        0.0,
        0.0
      ]
    },
    {
      "node_0": [
        1.9776,
        0.263,
        0.7616,
        3.0,
        0.0,
        1.0
      ],
      "node_1": [
        2.201923076923077,
        0.705,
        0.7532051282051282,
        6.0,
        0.0,
        0.5
      ],
      "node_2": [
        1.9776,
        0.263,
        0.7616,
        3.0,
        0.0,
        0.0
      ],
      "node_3": [
        2.201923076923077,
        0.705,
        0.7532051282051282,
        6.0,
        0.0,
        0.0
      ],
      "node_4": [
        1.9776,
        0.263,
        0.7616,
        3.0,
        0.0,
        0.0
      ],
      "node_5": [
        2.201923076923077,
        0.705,
        0.7532051282051282,
        6.0,
        0.0,
        0.0
      ]
    },
    {
      "node_0": [
        1.9776,
        0.263,
        0.7616,
        3.0,
        0.0,
        1.0
      ],
      "node_1": [
        2.201923076923077,
        0.705,
        0.7532051282051282,
        6.0,
        0.0,
        0.5
      ],
      "node_2": [
        1.9776,
        0.263,
        0.7616,
        3.0,
        0.0,
        0.0
      ],
      "node_3": [
        2.201923076923077,
        0.705,
        0.7532051282051282,
        6.0,
        0.0,
        0.0
      ],
      "node_4": [
        1.9776,
        0.263,
        0.7616,
        3.0,
        0.0,
        0.0
      ],
      "node_5": [
        2.201923076923077,
        0.705,
        0.7532051282051282,
        6.0,
        0.0,
        0.0
      ]
    }
  ],
  "similarity_matrices": [
    [
      [
        1.0,
        0.9608016535847764,
        0.9576654885320899,
        0.9296532082359596,
        0.9594850187073098,
        0.9203595855106934
      ],
      [
        0.9608016535847764,
        1.0,
        0.9908000275121165,
        0.9946645041812028,
        0.9889409820427201,
        0.9924987806253333
      ],
      [
        0.9576654885320899,
        0.9908000275121165,
        1.0,
        0.9891919605240227,
        0.9996971498051402,
        0.9837386320598979
      ],
      [
        0.9296532082359596,
        0.9946645041812028,
        0.9891919605240227,
        0.9999999999999998,
        0.9866730309092347,
        0.9992498588639984
      ],
      [
        0.9594850187073098,
        0.9889409820427201,
        0.9996971498051402,
        0.9866730309092347,
        0.9999999999999999,
        0.9803498559583975
      ],
      [
        0.9203595855106934,
        0.9924987806253333,
        0.9837386320598979,
        0.9992498588639984,
        0.9803498559583975,
        0.9999999999999999
      ]
    ],
    [
      [
        0.9999999999999998,
        0.9725718996585914,
        0.9650487957209928,
        0.9356459936228673,
        0.9650487957209928,
        0.9356459936228673
      ],
      [
        0.9725718996585914,
        1.0,
        0.9836339601243446,
        0.9916284660182357,
        0.9836339601243446,
        0.9916284660182357
      ],
      [
        0.9650487957209928,
        0.9836339601243446,
        1.0000000000000002,
        0.9695323156419687,
        1.0000000000000002,
        0.9695323156419687
      ],
      [
        0.9356459936228673,
        0.9916284660182357,
        0.9695323156419687,
        1.0,
        0.9695323156419687,
        1.0
      ],
      [
        0.9650487957209928,
        0.9836339601243446,
        1.0000000000000002,
        0.9695323156419687,
        1.0000000000000002,
        0.9695323156419687
      ],
      [
        0.9356459936228673,
        0.9916284660182357,
        0.9695323156419687,
        1.0,
        0.9695323156419687,
        1.0
      ]
    ],
    [
      [
        0.9999999999999998,
        0.953048046088634,
        0.9650487957209928,
        0.9356459936228673,
        0.9650487957209928,
        0.9356459936228673
      ],
      [
        0.953048046088634,
        1.0,
        0.9666536714675589,
        0.9970308940424499,
        0.9666536714675589,
        0.9970308940424499
      ],
      [
        0.9650487957209928,
        0.9666536714675589,
        1.0000000000000002,
        0.9695323156419687,
        1.0000000000000002,
        0.9695323156419687
      ],
      [
        0.9356459936228673,
        0.9970308940424499,
        0.9695323156419687,
        1.0,
        0.9695323156419687,
        1.0
      ],
      [
        0.9650487957209928,
        0.9666536714675589,
        1.0000000000000002,
        0.9695323156419687,
        1.0000000000000002,
        0.9695323156419687
      ],
      [
        0.9356459936228673,
        0.9970308940424499,
        0.9695323156419687,
        1.0,
        0.9695323156419687,
        1.0
      ]
    ],
    [
      [
        0.9999999999999998,
        0.953048046088634,
        0.9650487957209928,
        0.9356459936228673,
        0.9650487957209928,
        0.9356459936228673
      ],
      [
        0.953048046088634,
        1.0,
        0.9666536714675589,
        0.9970308940424499,
        0.9666536714675589,
        0.9970308940424499
      ],
      [
        0.9650487957209928,
        0.9666536714675589,
        1.0000000000000002,
        0.9695323156419687,
        1.0000000000000002,
        0.9695323156419687
      ],
      [
        0.9356459936228673,
        0.9970308940424499,
        0.9695323156419687,
        1.0,
        0.9695323156419687,
        1.0
      ],
      [
        0.9650487957209928,
        0.9666536714675589,
        1.0000000000000002,
        0.9695323156419687,
        1.0000000000000002,
        0.9695323156419687
      ],
      [
        0.9356459936228673,
        0.9970308940424499,
        0.9695323156419687,
        1.0,
        0.9695323156419687,
        1.0
      ]
    ],
    [
      [
        0.9999999999999998,
        0.953048046088634,
        0.9650487957209928,
        0.9356459936228673,
        0.9650487957209928,
        0.9356459936228673
      ],
      [
        0.953048046088634,
        1.0,
        0.9666536714675589,
        0.9970308940424499,
        0.9666536714675589,
        0.9970308940424499
      ],
      [
        0.9650487957209928,
        0.9666536714675589,
        1.0000000000000002,
        0.9695323156419687,
        1.0000000000000002,
        0.9695323156419687
      ],
      [
        0.9356459936228673,
        0.9970308940424499,
        0.9695323156419687,
        1.0,
        0.9695323156419687,
        1.0
      ],
      [
        0.9650487957209928,
        0.9666536714675589,
        1.0000000000000002,
        0.9695323156419687,
        1.0000000000000002,
        0.9695323156419687
      ],
      [
        0.9356459936228673,
        0.9970308940424499,
        0.9695323156419687,
        1.0,
        0.9695323156419687,
        1.0
      ]
    ]
  ]
}