{
  "num_rounds": 3,
  "cluster_history": [
    {
      "node_0": 0,
      "node_1": 0,
      "node_2": 0,
      "node_3": 1,
      "node_4": 1,
      "node_5": 1
    },
    {
      "node_0": 0,
      "node_1": 1,
      "node_2": 0,
      "node_3": 1,
      "node_4": 0,
      "node_5": 1
    },
    {
      "node_0": 1,
      "node_1": 0,
      "node_2": 1,
      "node_3": 0,
      "node_4": 1,
      "node_5": 0
    }
  ],
  "reward_history": [
    193.61456859663426,
    197.28544570061368,
    197.28544570061368
  ],
  "queue_history": [
    0.28833333333333333,
    0.19749999999999998,
    0.19749999999999998
  ],
  "wait_history": [
    2.2827951807228914,
    2.2539759036144575,
    2.2539759036144575
  ],
  "throughput_history": [
    0.10623293172690762,
    0.10623293172690762,
    0.10623293172690762
  ],
  "transitions": [
    {
      "round": 1,
      "transitions": {}
    },
    {
      "round": 2,
      "transitions": {
        "node_1": {
          "from": 0,
          "to": 1
        },
        "node_4": {
          "from": 1,
          "to": 0
        }
      }
    },
    {
      "round": 3,
      "transitions": {
        "node_0": {
          "from": 0,
          "to": 1
        },
        "node_1": {
          "from": 1,
          "to": 0
        },
        "node_2": {
          "from": 0,
          "to": 1
        },
        "node_3": {
          "from": 1,
          "to": 0
        },
        "node_4": {
          "from": 0,
          "to": 1
        },
        "node_5": {
          "from": 1,
          "to": 0
        }
      }
    }
  ],
  "fingerprints": [
    {
      "node_0": [
        2.8514056224899598,
        0.405,
        0.11646586345381527,
        2.0,
        0.0,
        1.0
      ],
      "node_1": [
        1.496,
        0.055,
        0.096,
        1.0,
        0.0,
        0.5
      ],
      "node_2": [
        3.244979919678715,
        0.75,
        0.11646586345381527,
        3.0,
        0.0,
        0.0
      ],
      "node_3": [
        1.488,
        0.04,
        0.096,
        1.0,
        0.0,
        0.0
      ],
      "node_4": [
        3.0963855421686746,
        0.445,
        0.11646586345381527,
        2.0,
        0.0,
        0.0
      ],
      "node_5": [
        1.52,
        0.035,
        0.096,
        1.0,
        0.0,
        0.0
      ]
    },
    {
      "node_0": [
        2.9879518072289155,
        0.36,
        0.11646586345381527,
        2.0,
        0.0,
        1.0
      ],
      "node_1": [
        1.52,
        0.035,
        0.096,
        1.0,
        0.0,
        0.5
      ],
      "node_2": [
        2.9879518072289155,
        0.36,
        0.11646586345381527,
        2.0,
        0.0,
        0.0
      ],
      "node_3": [
        1.52,
        0.035,
        0.096,
        1.0,
        0.0,
        0.0
      ],
      "node_4": [
        2.9879518072289155,
        0.36,
        0.11646586345381527,
        2.0,
        0.0,
        0.0
      ],
      "node_5": [
        1.52,
        0.035,
        0.096,
        1.0,
        0.0,
        0.0
      ]
    },
    {
      "node_0": [
        2.9879518072289155,
        0.36,
        0.11646586345381527,
        2.0,
        0.0,
        1.0
      ],
      "node_1": [
        1.52,
        0.035,
        0.096,
        1.0,
        0.0,
        0.5
      ],
      "node_2": [
        2.9879518072289155,
        0.36,
        0.11646586345381527,
        2.0,
        0.0,
        0.0
      ],
      "node_3": [
        1.52,
        0.035,
        0.096,
        1.0,
        0.0,
        0.0
      ],
      "node_4": [
        2.9879518072289155,
        0.36,
        0.11646586345381527,
        2.0,
        0.0,
        0.0
      ],
      "node_5": [
        1.52,
        0.035,
        0.096,
        1.0,
        0.0,
        0.0
      ]
    }
  ],
  "similarity_matrices": [
    [
      [
        1.0,
        0.9962013346244016,
        0.951853342292938,
        0.9571194736004411,
        0.9609942684511353,
        0.9566219034782731
      ],
      [
        0.9962013346244016,
        1.0000000000000002,
        0.9425296472104796,
        0.9635911780834836,
        0.9594203298406491,
        0.9635392951341315
      ],
      [
        0.951853342292938,
        0.9425296472104796,
        0.9999999999999998,
        0.9773142094761317,
        0.9842893805994867,
        0.9753511419017619
      ],
      [
        0.9571194736004411,
        0.9635911780834836,
        0.9773142094761317,
        1.0000000000000002,
        0.9948181635585313,
        0.9999470223806026
      ],
      [
        0.9609942684511353,
        0.9594203298406491,
        0.9842893805994867,
        0.9948181635585313,
        1.0000000000000002,
        0.994659915149995
      ],
      [
        0.9566219034782731,
        0.9635392951341315,
        0.9753511419017619,
        0.9999470223806026,
        0.994659915149995,
        1.0000000000000002
      ]
    ],
    [
      [
        1.0,
        0.9967651609818551,
        0.9638111579386406,
        0.9604589722430478,
        0.9638111579386406,
        0.9604589722430478
      ],
      [
        0.9967651609818551,
        1.0000000000000002,
        0.9610050126419232,
        0.9643591041230495,
        0.9610050126419232,
        0.9643591041230495
      ],
      [
        0.9638111579386406,
        0.9610050126419232,
        0.9999999999999999,
        0.9965219476160013,
        0.9999999999999999,
        0.9965219476160013
      ],
      [
        0.9604589722430478,
        0.9643591041230495,
        0.9965219476160013,
        1.0000000000000002,
        0.9965219476160013,
        1.0000000000000002
      ],
      [
        0.9638111579386406,
        0.9610050126419232,
        0.9999999999999999,
        0.9965219476160013,
        0.9999999999999999,
        0.9965219476160013
      ],
      [
        0.9604589722430478,
        0.9643591041230495,
        0.9965219476160013,
        1.0000000000000002,
        0.9965219476160013,
        1.0000000000000002
      ]
    ],
    [
      [
        1.0,
        0.9967651609818551,
        0.9638111579386406,
        0.9604589722430478,
        0.9638111579386406,
        0.9604589722430478
      ],
      [
        0.9967651609818551,
        1.0000000000000002,
        0.9610050126419232,
        0.9643591041230495,
        0.9610050126419232,
        0.9643591041230495
      ],
      [
        0.9638111579386406,
        0.9610050126419232,
        0.9999999999999999,
        0.9965219476160013,
        0.9999999999999999,
        0.9965219476160013
      ],
      [
        0.9604589722430478,
        0.9643591041230495,
        0.9965219476160013,
        1.0000000000000002,
        0.9965219476160013,
        1.0000000000000002
      ],
      [
        0.9638111579386406,
        0.9610050126419232,
        0.9999999999999999,
        0.9965219476160013,
        0.9999999999999999,
        0.9965219476160013
      ],
      [
        0.9604589722430478,
        0.9643591041230495,
        0.9965219476160013,
        1.0000000000000002,
        0.9965219476160013,
        1.0000000000000002
      ]
    ]
  ]
}