{
  "num_rounds": 5,
  "cluster_history": [
    {
      "node_0": 0,
      "node_1": 0,
      "node_2": 0,
      "node_3": 1,
      "node_4": 1,
      "node_5": 1
    },
    {
      "node_0": 0,
      "node_1": 1,
      "node_2": 0,
      "node_3": 1,
      "node_4": 0,
      "node_5": 1
    },
    {
      "node_0": 1,
      "node_1": 0,
      "node_2": 1,
      "node_3": 0,
      "node_4": 1,
      "node_5": 0
    },
    {
      "node_0": 1,
      "node_1": 0,
      "node_2": 1,
      "node_3": 0,
      "node_4": 1,
      "node_5": 0
    },
    {
      "node_0": 0,
      "node_1": 1,
      "node_2": 0,
      "node_3": 1,
      "node_4": 0,
      "node_5": 1
    }
  ],
  "reward_history": [
    782.5923089459644,
    763.0986177284157,
    754.3535902277904,
    754.3535902277904,
    754.3535902277904
  ],
  "queue_history": [
    0.3541666666666667,
    0.45583333333333337,
    0.505,
    0.505,
    0.505
  ],
  "wait_history": [
    1.9485056780227124,
    2.034333333333333,
    2.0629999999999997,
    2.0629999999999997,
    2.0629999999999997
  ],
  "throughput_history": [
    0.6979018036072144,
    0.6999999999999998,
    0.699,
    0.699,
    0.699
  ],
  "transitions": [
    {
      "round": 1,
      "transitions": {}
    },
    {
      "round": 2,
      "transitions": {
        "node_1": {
          "from": 0,
          "to": 1
        },
        "node_4": {
          "from": 1,
          "to": 0
        }
      }
    },
    {
      "round": 3,
      "transitions": {
        "node_0": {
          "from": 0,
          "to": 1
        },
        "node_1": {
          "from": 1,
          "to": 0
        },
        "node_2": {
          "from": 0,
          "to": 1
        },
        "node_3": {
          "from": 1,
          "to": 0
        },
        "node_4": {
          "from": 0,
          "to": 1
        },
        "node_5": {
          "from": 1,
          "to": 0
        }
      }
    },
    {
      "round": 4,
      "transitions": {}
    },
    {
      "round": 5,
      "transitions": {
        "node_0": {
          "from": 1,
          "to": 0
        },
        "node_1": {
          "from": 0,
          "to": 1
        },
        "node_2": {
          "from": 1,
          "to": 0
        },
        "node_3": {
          "from": 0,
          "to": 1
        },
        "node_4": {
          "from": 1,
          "to": 0
        },
        "node_5": {
          "from": 0,
          "to": 1
        }
      }
    }
  ],
  "fingerprints": [
    {
      "node_0": [
        2.512,
        0.25375,
        0.684,
        2.0,
        0.0,
        1.0
      ],
      "node_1": [
        1.5170340681362726,
        0.375,
        0.7054108216432866,
        6.0,
        0.0,
        0.5
      ],
      "node_2": [
        2.416,
        0.285,
        0.69,
        2.0,
        0.0,
        0.0
      ],
      "node_3": [
        1.426,
        0.41,
        0.706,
        5.0,
        0.0,
        0.0
      ],
      "node_4": [
        2.234,
        0.27125,
        0.694,
        2.0,
        0.0,
        0.0
      ],
      "node_5": [
        1.586,
        0.53,
        0.708,
        6.0,
        0.0,
        0.0
      ]
    },
    {
      "node_0": [
        1.956,
        0.21375,
        0.698,
        2.0,
        0.0,
        1.0
      ],
      "node_1": [
        1.998,
        0.50125,
        0.706,
        6.0,
        0.0,
        0.5
      ],
      "node_2": [
        1.956,
        0.21375,
        0.698,
        2.0,
        0.0,
        0.0
      ],
      "node_3": [
        2.17,
        0.79625,
        0.7,
        6.0,
        0.0,
        0.0
      ],
      "node_4": [
        1.956,
        0.21375,
        0.698,
        2.0,
        0.0,
        0.0
      ],
      "node_5": [
        2.17,
        0.79625,
        0.7,
        6.0,
        0.0,
        0.0
      ]
    },
    {
      "node_0": [
        1.956,
        0.21375,
        0.698,
        2.0,
        0.0,
        1.0
      ],
      "node_1": [
        2.17,
        0.79625,
        0.7,
        6.0,
        0.0,
        0.5
      ],
      "node_2": [
        1.956,
        0.21375,
        0.698,
        2.0,
        0.0,
        0.0
      ],
      "node_3": [
        2.17,
        0.79625,
        0.7,
        6.0,
        0.0,
        0.0
      ],
      "node_4": [
        1.956,
        0.21375,
        0.698,
        2.0,
        0.0,
        0.0
      ],
      "node_5": [
        2.17,
        0.79625,
        0.7,
        6.0,
        0.0,
        0.0
      ]
    },
    {
      "node_0": [
        1.956,
        0.21375,
        0.698,
        2.0,
        0.0,
        1.0
      ],
      "node_1": [
        2.17,
        0.79625,
        0.7,
        6.0,
        0.0,
        0.5
      ],
      "node_2": [
        1.956,
        0.21375,
        0.698,
        2.0,
        0.0,
        0.0
      ],
      "node_3": [
        2.17,
        0.79625,
        0.7,
        6.0,
        0.0,
        0.0
      ],
      "node_4": [
        1.956,
        0.21375,
        0.698,
        2.0,
        0.0,
        0.0
      ],
      "node_5": [
        2.17,
        0.79625,
        0.7,
        6.0,
        0.0,
        0.0
      ]
    },
    {
      "node_0": [
        1.956,
        0.21375,
        0.698,
        2.0,
        0.0,
        1.0
      ],
      "node_1": [
        2.17,
        0.79625,
        0.7,
        6.0,
        0.0,
        0.5
      ],
      "node_2": [
        1.956,
        0.21375,
        0.698,
        2.0,
        0.0,
        0.0
      ],
      "node_3": [
        2.17,
        0.79625,
        0.7,
        6.0,
        0.0,
        0.0
      ],
      "node_4": [
        1.956,
        0.21375,
        0.698,
        2.0,
        0.0,
        0.0
      ],
      "node_5": [
        2.17,
        0.79625,
        0.7,
        6.0,
        0.0,
        0.0
      ]
    }
  ],
  "similarity_matrices": [
    [
      [
        0.9999999999999999,
        0.7839430464718045,
        0.9565997546347945,
        0.7823141742288858,
        0.9551345076141119,
        0.7696240998432208
      ],
      [
        0.7839430464718045,
        1.0000000000000002,
        0.805568809495674,
        0.9959733003097724,
        0.8262094389034778,
        0.9964489227330761
      ],
      [
        0.9565997546347945,
        0.805568809495674,
        1.0000000000000002,
        0.827965967649274,
        0.9992334233742066,
        0.8149800570988852
      ],
      [
        0.7823141742288858,
        0.9959733003097724,
        0.827965967649274,
        0.9999999999999998,
        0.8478429295368887,
        0.9995669010153697
      ],
      [
        0.9551345076141119,
        0.8262094389034778,
        0.9992334233742066,
        0.8478429295368887,
        0.9999999999999999,
        0.8352922284684297
      ],
      [
        0.7696240998432208,
        0.9964489227330761,
        0.8149800570988852,
        0.9995669010153697,
        0.8352922284684297,
        1.0000000000000002
      ]
    ],
    [
      [
        0.9999999999999999,
        0.8683504505087534,
        0.9450656199907143,
        0.8542837716604939,
        0.9450656199907143,
        0.8542837716604939
      ],
      [
        0.8683504505087534,
        1.0,
        0.8918140220999704,
        0.9956245904448975,
        0.8918140220999704,
        0.9956245904448975
      ],
      [
        0.9450656199907143,
        0.8918140220999704,
        0.9999999999999999,
        0.9039412222707747,
        0.9999999999999999,
        0.9039412222707747
      ],
      [
        0.8542837716604939,
        0.9956245904448975,
        0.9039412222707747,
        0.9999999999999998,
        0.9039412222707747,
        0.9999999999999998
      ],
      [
        0.9450656199907143,
        0.8918140220999704,
        0.9999999999999999,
        0.9039412222707747,
        0.9999999999999999,
        0.9039412222707747
      ],
      [
        0.8542837716604939,
        0.9956245904448975,
        0.9039412222707747,
        0.9999999999999998,
        0.9039412222707747,
        0.9999999999999998
      ]
    ],
    [
      [
        0.9999999999999999,
        0.876937024812687,
        0.9450656199907143,
        0.8542837716604939,
        0.9450656199907143,
        0.8542837716604939
      ],
      [
        0.876937024812687,
        0.9999999999999999,
        0.901252222039596,
        0.9970252488049789,
        0.901252222039596,
        0.9970252488049789
      ],
      [
        0.9450656199907143,
        0.901252222039596,
        0.9999999999999999,
        0.9039412222707747,
        0.9999999999999999,
        0.9039412222707747
      ],
      [
        0.8542837716604939,
        0.9970252488049789,
        0.9039412222707747,
        0.9999999999999998,
        0.9039412222707747,
        0.9999999999999998
      ],
      [
        0.9450656199907143,
        0.901252222039596,
        0.9999999999999999,
        0.9039412222707747,
        0.9999999999999999,
        0.9039412222707747
      ],
      [
        0.8542837716604939,
        0.9970252488049789,
        0.9039412222707747,
        0.9999999999999998,
        0.9039412222707747,
        0.9999999999999998
      ]
    ],
    [
      [
        0.9999999999999999,
        0.876937024812687,
        0.9450656199907143,
        0.8542837716604939,
        0.9450656199907143,
        0.8542837716604939
      ],
      [
        0.876937024812687,
        0.9999999999999999,
        0.901252222039596,
        0.9970252488049789,
        0.901252222039596,
        0.9970252488049789
      ],
      [
        0.9450656199907143,
        0.901252222039596,
        0.9999999999999999,
        0.9039412222707747,
        0.9999999999999999,
        0.9039412222707747
      ],
      [
        0.8542837716604939,
        0.9970252488049789,
        0.9039412222707747,
        0.9999999999999998,
        0.9039412222707747,
        0.9999999999999998
      ],
      [
        0.9450656199907143,
        0.901252222039596,
        0.9999999999999999,
        0.9039412222707747,
        0.9999999999999999,
        0.9039412222707747
      ],
      [
        0.8542837716604939,
        0.9970252488049789,
        0.9039412222707747,
        0.9999999999999998,
        0.9039412222707747,
        0.9999999999999998
      ]
    ],
    [
      [
        0.9999999999999999,
        0.876937024812687,
        0.9450656199907143,
        0.8542837716604939,
        0.9450656199907143,
        0.8542837716604939
      ],
      [
        0.876937024812687,
        0.9999999999999999,
        0.901252222039596,
        0.9970252488049789,
        0.901252222039596,
        0.9970252488049789
      ],
      [
        0.9450656199907143,
        0.901252222039596,
        0.9999999999999999,
        0.9039412222707747,
        0.9999999999999999,
        0.9039412222707747
      ],
      [
        0.8542837716604939,
        0.9970252488049789,
        0.9039412222707747,
        0.9999999999999998,
        0.9039412222707747,
        0.9999999999999998
      ],
      [
        0.9450656199907143,
        0.901252222039596,
        0.9999999999999999,
        0.9039412222707747,
        0.9999999999999999,
        0.9039412222707747
      ],
      [
        0.8542837716604939,
        0.9970252488049789,
        0.9039412222707747,
        0.9999999999999998,
        0.9039412222707747,
        0.9999999999999998
      ]
    ]
  ]
}