{
  "num_rounds": 5,
  "cluster_history": [
    {
      "node_0": 0,
      "node_1": 0,
      "node_2": 0,
      "node_3": 1,
      "node_4": 1,
      "node_5": 1
    },
    {
      "node_0": 0,
      "node_1": 1,
      "node_2": 0,
      "node_3": 1,
      "node_4": 0,
      "node_5": 1
    },
    {
      "node_0": 1,
      "node_1": 0,
      "node_2": 1,
      "node_3": 0,
      "node_4": 1,
      "node_5": 0
    },
    {
      "node_0": 1,
      "node_1": 0,
      "node_2": 1,
      "node_3": 0,
      "node_4": 1,
      "node_5": 0
    },
    {
      "node_0": 0,
      "node_1": 1,
      "node_2": 0,
      "node_3": 1,
      "node_4": 0,
      "node_5": 1
    }
  ],
  "reward_history": [
    374.95842598447695,
    383.21998585993583,
    383.21998585993583,
    383.21998585993583,
    383.21998585993583
  ],
  "queue_history": [
    0.8795833333333333,
    0.7437499999999999,
    0.7437499999999999,
    0.7437499999999999,
    0.7437499999999999
  ],
  "wait_history": [
    11.868469972375374,
    12.005163942342518,
    12.005163942342518,
    12.005163942342518,
    12.005163942342518
  ],
  "throughput_history": [
    0.33127388176553707,
    0.3289842737684204,
    0.3289842737684204,
    0.3289842737684204,
    0.3289842737684204
  ],
  "transitions": [
    {
      "round": 1,
      "transitions": {}
    },
    {
      "round": 2,
      "transitions": {
        "node_1": {
          "from": 0,
          "to": 1
        },
        "node_4": {
          "from": 1,
          "to": 0
        }
      }
    },
    {
      "round": 3,
      "transitions": {
        "node_0": {
          "from": 0,
          "to": 1
        },
        "node_1": {
          "from": 1,
          "to": 0
        },
        "node_2": {
          "from": 0,
          "to": 1
        },
        "node_3": {
          "from": 1,
          "to": 0
        },
        "node_4": {
          "from": 0,
          "to": 1
        },
        "node_5": {
          "from": 1,
          "to": 0
        }
      }
    },
    {
      "round": 4,
      "transitions": {}
    },
    {
      "round": 5,
      "transitions": {
        "node_0": {
          "from": 1,
          "to": 0
        },
        "node_1": {
          "from": 0,
          "to": 1
        },
        "node_2": {
          "from": 1,
          "to": 0
        },
        "node_3": {
          "from": 0,
          "to": 1
        },
        "node_4": {
          "from": 1,
          "to": 0
        },
        "node_5": {
          "from": 0,
          "to": 1
        }
      }
    }
  ],
  "fingerprints": [
    {
      "node_0": [
        11.334669338677354,
        0.75,
        0.3306613226452906,
        4.0,
        0.0,
        1.0
      ],
      "node_1": [
        12.77755511022044,
        0.79,
        0.3276553106212425,
        3.0,
        0.0,
        0.5
      ],
      "node_2": [
        10.248746238716148,
        0.705,
        0.3350050150451354,
        3.0,
        0.0,
        0.0
      ],
      "node_3": [
        13.41182364729459,
        0.9175,
        0.32965931863727455,
        4.0,
        0.0,
        0.0
      ],
      "node_4": [
        11.149448345035106,
        0.8375,
        0.3329989969909729,
        4.0,
        0.0,
        0.0
      ],
      "node_5": [
        12.288577154308618,
        1.2775,
        0.3316633266533066,
        4.0,
        0.0,
        0.0
      ]
    },
    {
      "node_0": [
        11.356713426853707,
        0.595,
        0.3316633266533066,
        4.0,
        0.0,
        1.0
      ],
      "node_1": [
        12.653614457831326,
        0.8925,
        0.32630522088353414,
        5.0,
        0.0,
        0.5
      ],
      "node_2": [
        11.356713426853707,
        0.595,
        0.3316633266533066,
        4.0,
        0.0,
        0.0
      ],
      "node_3": [
        12.653614457831326,
        0.8925,
        0.32630522088353414,
        5.0,
        0.0,
        0.0
      ],
      "node_4": [
        11.356713426853707,
        0.595,
        0.3316633266533066,
        4.0,
        0.0,
        0.0
      ],
      "node_5": [
        12.653614457831326,
        0.8925,
        0.32630522088353414,
        5.0,
        0.0,
        0.0
      ]
    },
    {
      "node_0": [
        11.356713426853707,
        0.595,
        0.3316633266533066,
        4.0,
        0.0,
        1.0
      ],
      "node_1": [
        12.653614457831326,
        0.8925,
        0.32630522088353414,
        5.0,
        0.0,
        0.5
      ],
      "node_2": [
        11.356713426853707,
        0.595,
        0.3316633266533066,
        4.0,
        0.0,
        0.0
      ],
      "node_3": [
        12.653614457831326,
        0.8925,
        0.32630522088353414,
        5.0,
        0.0,
        0.0
      ],
      "node_4": [
        11.356713426853707,
        0.595,
        0.3316633266533066,
        4.0,
        0.0,
        0.0
      ],
      "node_5": [
        12.653614457831326,
        0.8925,
        0.32630522088353414,
        5.0,
        0.0,
        0.0
      ]
    },
    {
      "node_0": [
        11.356713426853707,
        0.595,
        0.3316633266533066,
        4.0,
        0.0,
        1.0
      ],
      "node_1": [
        12.653614457831326,
        0.8925,
        0.32630522088353414,
        5.0,
        0.0,
        0.5
      ],
      "node_2": [
        11.356713426853707,
        0.595,
        0.3316633266533066,
        4.0,
        0.0,
        0.0
      ],
      "node_3": [
        12.653614457831326,
        0.8925,
        0.32630522088353414,
        5.0,
        0.0,
        0.0
      ],
      "node_4": [
        11.356713426853707,
        0.595,
        0.3316633266533066,
        4.0,
        0.0,
        0.0
      ],
      "node_5": [
        12.653614457831326,
        0.8925,
        0.32630522088353414,
        5.0,
        0.0,
        0.0
      ]
    },
    {
      "node_0": [
        11.356713426853707,
        0.595,
        0.3316633266533066,
        4.0,
        0.0,
        1.0
      ],
      "node_1": [
        12.653614457831326,
        0.8925,
        0.32630522088353414,
        5.0,
        0.0,
        0.5
      ],
      "node_2": [
        11.356713426853707,
        0.595,
        0.3316633266533066,
        4.0,
        0.0,
        0.0
      ],
      "node_3": [
        12.653614457831326,
        0.8925,
        0.32630522088353414,
        5.0,
        0.0,
        0.0
      ],
      "node_4": [
        11.356713426853707,
        0.595,
        0.3316633266533066,
        4.0,
        0.0,
        0.0
      ],
      "node_5": [
        12.653614457831326,
        0.8925,
        0.32630522088353414,
        5.0,
        0.0,
        0.0
      ]
    }
  ],
  "similarity_matrices": [
    [
      [
        1.0,
        0.9931445590929802,
        0.9950871774260334,
        0.995349693524292,
        0.996525262330395,
        0.9956195725933878
      ],
      [
        0.9931445590929802,
        0.9999999999999997,
        0.9977831741029723,
        0.997518259577876,
        0.9927817613942573,
        0.9950369337007877
      ],
      [
        0.9950871774260334,
        0.9977831741029723,
        1.0000000000000002,
        0.9999566819432303,
        0.9982124207703866,
        0.9990079535480019
      ],
      [
        0.995349693524292,
        0.997518259577876,
        0.9999566819432303,
        1.0000000000000002,
        0.9984935157044093,
        0.9991452291044697
      ],
      [
        0.996525262330395,
        0.9927817613942573,
        0.9982124207703866,
        0.9984935157044093,
        1.0,
        0.9991671192691765
      ],
      [
        0.9956195725933878,
        0.9950369337007877,
        0.9990079535480019,
        0.9991452291044697,
        0.9991671192691765,
        1.0000000000000002
      ]
    ],
    [
      [
        1.0,
        0.9980988033193151,
        0.9965797591951094,
        0.9957398211385998,
        0.9965797591951094,
        0.9957398211385998
      ],
      [
        0.9980988033193151,
        0.9999999999999996,
        0.9984864400362674,
        0.9993286949527534,
        0.9984864400362674,
        0.9993286949527534
      ],
      [
        0.9965797591951094,
        0.9984864400362674,
        1.0,
        0.9991571792937196,
        1.0,
        0.9991571792937196
      ],
      [
        0.9957398211385998,
        0.9993286949527534,
        0.9991571792937196,
        0.9999999999999998,
        0.9991571792937196,
        0.9999999999999998
      ],
      [
        0.9965797591951094,
        0.9984864400362674,
        1.0,
        0.9991571792937196,
        1.0,
        0.9991571792937196
      ],
      [
        0.9957398211385998,
        0.9993286949527534,
        0.9991571792937196,
        0.9999999999999998,
        0.9991571792937196,
        0.9999999999999998
      ]
    ],
    [
      [
        1.0,
        0.9980988033193151,
        0.9965797591951094,
        0.9957398211385998,
        0.9965797591951094,
        0.9957398211385998
      ],
      [
        0.9980988033193151,
        0.9999999999999996,
        0.9984864400362674,
        0.9993286949527534,
        0.9984864400362674,
        0.9993286949527534
      ],
      [
        0.9965797591951094,
        0.9984864400362674,
        1.0,
        0.9991571792937196,
        1.0,
        0.9991571792937196
      ],
      [
        0.9957398211385998,
        0.9993286949527534,
        0.9991571792937196,
        0.9999999999999998,
        0.9991571792937196,
        0.9999999999999998
      ],
      [
        0.9965797591951094,
        0.9984864400362674,
        1.0,
        0.9991571792937196,
        1.0,
        0.9991571792937196
      ],
      [
        0.9957398211385998,
        0.9993286949527534,
        0.9991571792937196,
        0.9999999999999998,
        0.9991571792937196,
        0.9999999999999998
      ]
    ],
    [
      [
        1.0,
        0.9980988033193151,
        0.9965797591951094,
        0.9957398211385998,
        0.9965797591951094,
        0.9957398211385998
      ],
      [
        0.9980988033193151,
        0.9999999999999996,
        0.9984864400362674,
        0.9993286949527534,
        0.9984864400362674,
        0.9993286949527534
      ],
      [
        0.9965797591951094,
        0.9984864400362674,
        1.0,
        0.9991571792937196,
        1.0,
        0.9991571792937196
      ],
      [
        0.9957398211385998,
        0.9993286949527534,
        0.9991571792937196,
        0.9999999999999998,
        0.9991571792937196,
        0.9999999999999998
      ],
      [
        0.9965797591951094,
        0.9984864400362674,
        1.0,
        0.9991571792937196,
        1.0,
        0.9991571792937196
      ],
      [
        0.9957398211385998,
        0.9993286949527534,
        0.9991571792937196,
        0.9999999999999998,
        0.9991571792937196,
        0.9999999999999998
      ]
    ],
    [
      [
        1.0,
        0.9980988033193151,
        0.9965797591951094,
        0.9957398211385998,
        0.9965797591951094,
        0.9957398211385998
      ],
      [
        0.9980988033193151,
        0.9999999999999996,
        0.9984864400362674,
        0.9993286949527534,
        0.9984864400362674,
        0.9993286949527534
      ],
      [
        0.9965797591951094,
        0.9984864400362674,
        1.0,
        0.9991571792937196,
        1.0,
        0.9991571792937196
      ],
      [
        0.9957398211385998,
        0.9993286949527534,
        0.9991571792937196,
        0.9999999999999998,
        0.9991571792937196,
        0.9999999999999998
      ],
      [
        0.9965797591951094,
        0.9984864400362674,
        1.0,
        0.9991571792937196,
        1.0,
        0.9991571792937196
      ],
      [
        0.9957398211385998,
        0.9993286949527534,
        0.9991571792937196,
        0.9999999999999998,
        0.9991571792937196,
        0.9999999999999998
      ]
    ]
  ]
}